0.0	-0.0005402245981179157
0.01	0.0018439822924192462
0.02	0.0005781593034581089
0.03	-0.00020139952683753727
0.04	0.0014797981843286418
0.05	0.0022270595655660788
0.06	0.0027271821174026075
0.07	0.0009844507833525998
0.08	0.001652391187101143
0.09	0.003582020982803501
0.1	0.002511686133168735
0.11	0.0006227194844226564
0.12	-0.0007440648384282325
0.13	0.001484587406470878
0.14	0.001034056546243761
0.15	0.0013438914697806036
0.16	-0.001083528239194383
0.17	-0.00044146022041135
0.18	-0.0006456652276035582
0.19	-0.0009548114512316742
0.2	-0.0005192159842384242
0.21	0.00014606610472263663
0.22	-0.0017204323450434637
0.23	0.0008442061125929205
0.24	0.00044555527368389227
0.25	0.00030415942490778737
0.26	0.0006628360335293815
0.27	0.0004001923827838201
0.28	-0.00013948537263712494
0.29	0.0006875181617449719
0.3	0.0011446258134390637
0.31	0.001976122013356652
0.32	-0.001141119643592056
0.33	-0.00222128902766874
0.34	0.00026916270329561937
0.35	-8.902300374268144e-5
0.36	-0.00019115726644630449
0.37	-0.0012796858361690004
0.38	0.0010419057957656316
0.39	0.00020774518968794725
0.4	-0.0014124980136843688
0.41	-0.0010982063322800347
0.42	-0.00014793166687403819
0.43	-0.0017667172244620463
0.44	0.00044515208298565024
0.45	7.843748030560655e-5
0.46	0.0009519914943374163
0.47	-0.0008605765477418571
0.48	0.00106592800066199
0.49	0.0003827721204826944
0.5	-0.00010514942246143922
0.51	-0.00023338452583615698
0.52	0.0004980969848473441
0.53	-0.00018062581710465763
0.54	-0.001215954105132822
0.55	-0.0012297827800728063
0.56	-0.0026111504367343987
0.57	-0.00037409080668544933
0.58	0.0007422577029641334
0.59	-0.0003591476675247293
0.6	-0.00011782557872240953
0.61	-0.0005677764993738795
0.62	0.0008225900565264571
0.63	-0.001797125997207074
0.64	-0.0008634326617896467
0.65	-0.0029433955694594307
0.66	-0.002253421346475476
0.67	-0.0029856387243929966
0.68	-0.00010602980880827023
0.69	-0.0001100960491116008
0.7	0.0007926354788488481
0.71	0.0008639307837223697
0.72	0.0007322898965085345
0.73	0.0011339832869954752
0.74	0.00016299849945175925
0.75	0.0011524152442365003
0.76	0.00052996303118636
0.77	0.0014737522930337206
0.78	0.0014738629490985873
0.79	0.00018977503572288048
0.8	-0.001034939122122263
0.81	0.0010914885600190555
0.82	0.0004159035361806117
0.83	-0.00021952031709099193
0.84	0.000655047090708968
0.85	-0.0004584378155614985
0.86	-0.000894409619297084
0.87	-0.0004109872538426707
0.88	6.997534380638909e-5
0.89	0.00015172856107365488
0.9	-0.0034776375473131046
0.91	-0.0021293040260853616
0.92	-0.0018210489434651075
0.93	-0.0016925811882528743
0.94	-0.0004031038948035414
0.95	-0.00020599229360483364
0.96	0.0004077019105117972
0.97	0.001531689406370372
0.98	0.001074878354462386
0.99	0.0014535338075011856
1.0	0.0019676051673017275
1.01	0.0010557468926032047
1.02	0.0016044587352197345
1.03	0.002273093663630447
1.04	0.00043021900457873455
1.05	0.00043870575427073485
1.06	0.0005788387548925473
1.07	-0.0003820917849580721
1.08	-0.0003688675309650542
1.09	-0.0007535787242617468
1.1	-0.0015270962483546614
1.11	-0.0006954042211933136
1.12	-0.0009929453868525485
1.13	-0.00048556855515368005
1.14	-0.0009728026645716914
1.15	-0.00263086821434951
1.16	0.00045952763749684567
1.17	-0.0006060673567487268
1.18	-0.0006268033055639053
1.19	0.0004967810290150255
1.2	0.0008855533655578729
1.21	-0.000998160398853845
1.22	0.00025249834676968413
1.23	-0.00041499153418676006
1.24	-0.0010776891337243258
1.25	-0.0005133022954677653
1.26	-0.0022218452461847736
1.27	-0.0019205238662435638
1.28	-0.002119928694567274
1.29	-0.0012401730654537121
1.3	-0.0008539153474029065
1.31	-0.002488452772161159
1.32	-0.0006544475068348437
1.33	-0.0017645385710492836
1.34	-0.001463200553785291
1.35	-0.0009717163059012671
1.36	-0.001285729581434971
1.37	-0.00215238171733112
1.38	-0.0019918716437260153
1.39	-0.0010473610964928071
1.4	-0.00014585609320736856
1.41	-0.0006355268622824523
1.42	-0.002691563932564633
1.43	-0.002111433943527365
1.44	-0.0016655057725495058
1.45	-1.679934424523576e-5
1.46	0.0003680185127306187
1.47	0.0009507048769409397
1.48	0.0008235997433934954
1.49	0.0011503528274178555
1.5	0.0013888814048078754
1.51	0.0012255630162790522
1.52	5.8328562367029675e-5
1.53	0.0006841890517004191
1.54	-0.0016273493303775263
1.55	-0.0016500743523003225
1.56	-0.0007443970143048895
1.57	0.00010849195650523361
1.58	-0.0010075021426638076
1.59	-0.0014058376027430094
1.6	-0.0011942281521979852
1.61	-0.0024767043402951798
1.62	-0.0008152348053252911
1.63	0.00013423027315043111
1.64	0.0018124063629363415
1.65	0.0001047284602894018
1.66	-3.730738768249255e-5
1.67	0.0010836318824426609
1.68	0.0004246798760268016
1.69	0.00019159861640505603
1.7	0.0006600447563912673
1.71	-0.0004032114162818373
1.72	0.0011436122234528038
1.73	0.0024600846081021966
1.74	0.002357289604830359
1.75	0.0014218324351524252
1.76	0.0014801993058221094
1.77	0.0011298163388148521
1.78	0.0010270151073780089
1.79	0.0017675268621721726
1.8	0.0014926576603726852
1.81	0.000862601387142093
1.82	0.0015403830127326335
1.83	0.0007887969569606154
1.84	0.0013855548472599434
1.85	0.0012690659339112845
1.86	-0.0002600422481096163
1.87	-0.0005973936775660056
1.88	-0.0014837123616501717
1.89	0.0013248218731987784
1.9	0.00091497484185049
1.91	0.0011332625620301727
1.92	-0.0004523322879941962
1.93	-0.0015740704643397768
1.94	-0.0008275285753534013
1.95	-0.0018916318381752885
1.96	-0.00047797755082068917
1.97	-0.0003130596418746172
1.98	-0.0021264881118162045
1.99	-0.0018051906720812233
2.0	-0.00065481869772563
2.01	0.0002652684852404426
2.02	0.00024032201798872074
2.03	0.0002472931115052247
2.04	0.000919346566720219
2.05	0.00043534763738942915
2.06	-0.0024677820277922164
2.07	-0.0023885359827634975
2.08	-0.0032022057396411618
2.09	-0.0016660653819143341
2.1	-0.0002286166391854902
2.11	0.00039569180855057566
2.12	0.0010144118027836885
2.13	0.0009524324158432404
2.14	0.0006675464342804364
2.15	-0.0003970443053180864
2.16	0.0005146569303526001
2.17	-0.0007685812598195725
2.18	-0.00035720434689516295
2.19	0.0004088424239406902
2.2	0.0005993702963527828
2.21	0.0013364100094448346
2.22	-0.0007166187287639943
2.23	-0.00105133132804375
2.24	-0.0014093879529850865
2.25	-0.004010660720552963
2.26	-0.0018321101354323362
2.27	0.0005077495451715634
2.28	0.0006930674189383916
2.29	-0.0008555751902912739
2.3	0.0006268822682334632
2.31	0.0022483642757218547
2.32	0.0008500916969283917
2.33	-0.001708197227083447
2.34	-0.0015865331186128834
2.35	-0.0005275329525476232
2.36	-0.00033452311591407037
2.37	-2.519184849331085e-5
2.38	-0.00021269506224375352
2.39	0.000890116800863198
2.4	-0.00017883067030439358
2.41	0.0005221625902984969
2.42	0.002387458926370826
2.43	0.0013453888753374675
2.44	0.001771396238433385
2.45	0.00208434323188843
2.46	0.0016454514729390183
2.47	0.0031119192332337603
2.48	0.0011398147368547422
2.49	0.002060444969976784
2.5	0.003941337648242653
2.51	0.002911758701835887
2.52	7.951707615533915e-5
2.53	-0.0023038346447944286
2.54	-0.0013658138142623895
2.55	-0.0005140392329671683
2.56	-0.001429488552811275
2.57	-0.00035492623520380173
2.58	-0.0002598718940874512
2.59	-0.000837938588916868
2.6	-0.0001234324880476793
2.61	0.0007153303772788834
2.62	0.00044323029129695734
2.63	0.001873047404425462
2.64	0.001246246698364997
2.65	0.0009346063139459614
2.66	0.0018579994358607795
2.67	0.0009999404834838013
2.68	0.0012014650830677019
2.69	0.00010311231099794606
2.7	-0.0010065587563831203
2.71	-0.0025508629681308577
2.72	0.0005461021017944325
2.73	0.0016023097661962465
2.74	0.0014280987056937507
2.75	0.0011891069820720507
2.76	0.0020831699687608204
2.77	0.0027064356353327683
2.78	0.0016625968977620254
2.79	8.589909963546596e-5
2.8	5.116109885458143e-5
2.81	-0.0011129822668018569
2.82	-0.0005668362193901148
2.83	-0.00045258639822527594
2.84	-0.00017763063101950173
2.85	0.0016821058948518737
2.86	0.0015687723161015418
2.87	-0.00035638675327144266
2.88	-3.25198968333687e-5
2.89	0.000696293078736468
2.9	0.0027130773282545446
2.91	0.003177001761099669
2.92	0.00043900361833185505
2.93	0.00021282596917543742
2.94	0.0011742098677676631
2.95	0.002252239687471734
2.96	0.0009999628547763485
2.97	0.0014396601387798031
2.98	0.0006937304023499051
2.99	-0.0013107170603808488
3.0	-0.0012480922934744773
3.01	-0.0009483277004377619
3.02	-0.0006710948847366747
3.03	-0.0009764642749211681
3.04	-0.0018012409501781744
3.05	-0.0019624148430748135
3.06	-0.0010652377128106184
3.07	-7.75690790887364e-6
3.08	-7.804738783440112e-5
3.09	-0.00015322995832221534
3.1	-0.0009326223354794656
3.11	-0.0020921797470094196
3.12	-0.0030783624846454577
3.13	-0.0016137182276824453
3.14	-0.0016740430837374968
3.15	-0.0031288872877414074
3.16	-0.0015475034236411302
3.17	-0.0023533082035140465
3.18	-0.00200588557341419
3.19	-0.0022905617450799283
3.2	-0.0009498718253298917
3.21	0.000770988692528742
3.22	0.0013524907692160537
3.23	-0.0004245770991095032
3.24	0.0013743878776748789
3.25	0.00014791413588699723
3.26	-0.0011863404042109043
3.27	-0.0003101613014949625
3.28	-0.001810594488751749
3.29	-0.0005522224766470426
3.3	-0.0010269966760531385
3.31	0.0005030420494642619
3.32	0.002024933472289884
3.33	0.0018425850631694509
3.34	0.0025219669665317705
3.35	0.0016622854510777228
3.36	0.0004432133039741991
3.37	0.001767364073708915
3.38	0.0023454092120070505
3.39	0.0025295527018526815
3.4	0.002177501972728544
3.41	0.002545568455644633
3.42	0.0018219565736064278
3.43	0.0005023094394188365
3.44	0.0024477262490239125
3.45	0.0014693196326345554
3.46	-0.00027852836614680954
3.47	-0.001510338702034721
3.48	-0.0018812838945956496
3.49	-0.0003933188197908429
3.5	-0.0013826828865974856
3.51	-0.0011406154914379483
3.52	-0.00030771870682790665
3.53	-0.0011575506372446772
3.54	-0.0001646808120892442
3.55	0.00024871539863583034
3.56	0.0009475211338513494
3.57	0.000178887327761946
3.58	-0.0010645269956754526
3.59	-0.002062707194333276
3.6	-0.000249627207077638
3.61	-0.0005219956266384075
3.62	0.0018329731461458414
3.63	0.00018769458676031825
3.64	-0.001821824875226503
3.65	-0.0028304470421240653
3.66	-0.001639084431308187
3.67	0.000359494739579002
3.68	-0.00029428825779066346
3.69	-0.0011054097057662008
3.7	0.0002677877945257253
3.71	0.0008637844534471611
3.72	-0.0010861904620985377
3.73	-0.0018491724527864152
3.74	-0.0008286100289986274
3.75	0.00015490510370711808
3.76	-0.0009113480840747039
3.77	0.001105109348454833
3.78	-0.0005847049542642579
3.79	-0.00015638098091680564
3.8	-0.0021540090645267612
3.81	-0.0016783984566814607
3.82	-0.0027110077307152002
3.83	-0.000793183410048485
3.84	-0.001588761624819789
3.85	-0.0019055068158993814
3.86	-0.002189707486103366
3.87	-0.0011649068886613516
3.88	-0.0007410963810333897
3.89	-0.00039893495451304243
3.9	-0.000881771342116556
3.91	0.0010462243930923019
3.92	0.0007131735354682203
3.93	7.310231012344727e-5
3.94	0.0003004691849665646
3.95	0.0005162538747113837
3.96	-0.00016039579255362608
3.97	0.0005996478097921538
3.98	-0.00036543822926968087
3.99	0.0016463812006755553
4.0	0.0014660327907914659
4.01	0.0006381320477298002
4.02	0.00037275923565659045
4.03	-0.0004750077044633624
4.04	0.00024335117065127747
4.05	0.0012037732662555209
4.06	0.0006590486949941543
4.07	0.0023783836499192894
4.08	0.0028406772736042567
4.09	0.002454299869978831
4.1	0.0009562187210988792
4.11	-0.0004783814532810519
4.12	-0.00019645455152840795
4.13	-0.0027021797906258754
4.14	-0.0012152651223160454
4.15	-0.0012623262252344923
4.16	-0.0008039632059259813
4.17	-0.0001531196212100498
4.18	-0.0004278911451386547
4.19	0.0013233782406941433
4.2	0.0006006236079184951
4.21	-0.0012864603062647782
4.22	-0.0006403121169120656
4.23	-0.0001538122044029448
4.24	-0.000942163795431615
4.25	0.0002271987322637706
4.26	-0.001271200911767916
4.27	-0.0006160125446751951
4.28	2.7247980914183442e-5
4.29	-1.2124102327965653e-6
4.3	-5.0283417800822e-5
4.31	-0.0009447868937778618
4.32	-0.0012072340082837447
4.33	-0.0014038356618488448
4.34	-0.0008681545213620013
4.35	-0.0010249869837285657
4.36	0.0002199147599819441
4.37	-0.0006706984774528303
4.38	-0.0006328679120548888
4.39	-0.00013655947816084395
4.4	0.0005343599558824765
4.41	0.0006822012793085535
4.42	0.0002648258167893077
4.43	-0.0004568925659525594
4.44	0.0015540122742255242
4.45	0.0013197390584372146
4.46	0.0012888265381710915
4.47	0.0002769998399621406
4.48	0.0005717699280798951
4.49	0.000619554485412257
4.5	-0.0007765487446532829
4.51	0.001907872718106163
4.52	0.0017035513599068383
4.53	0.000990229992329083
4.54	0.0009668961676387324
4.55	0.0012422262095128746
4.56	0.0008008102482295249
4.57	0.001216916590222087
4.58	0.0012980513613616335
4.59	0.0023610435711600816
4.6	0.0012302718627359415
4.61	0.001526794002343502
4.62	0.0010182310391397306
4.63	-0.0005614818238667891
4.64	0.0004466334398040179
4.65	-0.0002835775933469546
4.66	-0.00026629827859640467
4.67	-0.0003862388301393628
4.68	0.0018254150823559976
4.69	0.0019074056286420094
4.7	0.002670708141270196
4.71	0.002978562038184994
4.72	0.003202727527385774
4.73	0.0026032755395533694
4.74	0.0019527681625103699
4.75	0.002387006776045099
4.76	-0.00017072080003502292
4.77	-0.0008425130997770673
4.78	0.000418587672664684
4.79	0.0012517918252453021
4.8	-0.00016836457096016514
4.81	0.0019245149836903481
4.82	0.002828165329806583
4.83	0.0002878680315830948
4.84	0.0001982089073328872
4.85	0.0006362717970060231
4.86	0.002249210337100497
4.87	0.0021123350679618756
4.88	0.0015655094739683753
4.89	0.0021968329504926582
4.9	0.00304227727182214
4.91	0.002327679119584589
4.92	9.442426306038308e-5
4.93	0.0013182137780216126
4.94	0.0011904717676792505
4.95	0.0007646048346539064
4.96	-0.0014235890190956722
4.97	-0.00045411781493165165
4.98	0.00020183513691916452
4.99	-0.00027746034535725
5.0	6.103968792022366e-5
5.01	-0.0002838968871748522
5.02	-0.0015529015765001924
5.03	-0.0007439962147967552
5.04	-0.0002479644116615085
5.05	-0.0025669317647716385
5.06	-0.0011355564632788686
5.07	0.000790577816820597
5.08	0.00010111577978804316
5.09	-0.0006673501096559558
5.1	-1.6139827513810665e-5
5.11	-0.001667331379898303
5.12	-0.0022075252030628015
5.13	-0.001880471267222082
5.14	-0.00146418132066374
5.15	-0.0015895279234913271
5.16	-0.0009463464763939434
5.17	-0.0014852462472859285
5.18	-0.0016703888008843923
5.19	0.0008368111223064587
5.2	0.0008618097466920541
5.21	0.0006654285438015768
5.22	0.001264027599964893
5.23	-0.000246716594216843
5.24	-0.00010005634362873428
5.25	0.0004229177653441733
5.26	0.0005941178167635561
5.27	0.0006877226072927381
5.28	-0.0006716070167135042
5.29	-0.0005182130375711222
5.3	0.00018117201427800535
5.31	0.0018574948923816656
5.32	0.002873193073672274
5.33	0.0007808280372726719
5.34	0.0012496125320111448
5.35	0.0010140788025563877
5.36	0.0007903495170226742
5.37	-0.0008920637387108268
5.38	-0.0014682004931271008
5.39	-0.0012703583213381072
5.4	0.0018902543411863934
5.41	0.0025132629014045192
5.42	0.001274924281757228
5.43	0.0011727646315599206
5.44	0.001356508343349625
5.45	0.0020577539113379438
5.46	0.0025401144010480325
5.47	0.0009443992508309662
5.48	0.0003353176467593098
5.49	-0.0014755489742624848
5.5	-0.0009691985657188603
5.51	-0.0011029658269910481
5.52	-0.0022017556468882505
5.53	-0.001661202874104434
5.54	-0.0011369832502732427
5.55	-0.00210948317840705
5.56	-0.0032873533345970304
5.57	-0.0018318378822213023
5.58	-0.0027562829643837552
5.59	-0.0013176457379966253
5.6	-0.002723097260906731
5.61	-0.0016063487220868806
5.62	-0.003070577289216807
5.63	-0.0025568207848876475
5.64	-0.0009086971275426009
5.65	0.00018420638907459
5.66	0.0005940484309451107
5.67	0.0022920075349234614
5.68	0.0027065769805497807
5.69	0.001598594519223402
5.7	0.0007899924887543753
5.71	0.0004952101193845055
5.72	4.279175731678431e-5
5.73	0.00016785886872081951
5.74	-0.0010821170439011148
5.75	-0.001277838805793122
5.76	-0.001444192087071722
5.77	0.00045828501055441407
5.78	-0.0003307138679123367
5.79	-0.0006045296584487161
5.8	0.0005300945926443506
5.81	-0.0003017929129329771
5.82	3.630377797017586e-5
5.83	0.0005168817802995206
5.84	-0.0002383921930955236
5.85	0.0015206056752673112
5.86	0.0012406882923816376
5.87	0.001197218516630332
5.88	0.0008171657560891199
5.89	-0.0006937836097101155
5.9	-0.0006236107971942263
5.91	-0.00212100653571097
5.92	-0.000697631492094891
5.93	-0.0009671584748506003
5.94	-0.0022242997202186424
5.95	-0.0008440040273982968
5.96	-0.0007141632216076777
5.97	-0.0016210747002843022
5.98	0.00011475824365140262
5.99	0.0008833071698225822
6.0	0.0006055215236932632
6.01	0.0005201318879339132
6.02	0.0004815036956824893
6.03	0.0008032275410872699
6.04	0.00040823636766503115
6.05	-0.00012672997108756877
6.06	0.0006539754729931308
6.07	0.0017211619772874245
6.08	-0.0009188111000275887
6.09	-0.0011232024579384858
6.1	-0.0005406076197035495
6.11	-0.000561858201836043
6.12	-0.0016615071521765994
6.13	-0.0033522615751015354
6.14	-0.00488891906509274
6.15	-0.004608788142086565
6.16	-0.0022524978779362155
6.17	-0.0035527482278595725
6.18	-0.000995525472446885
6.19	-0.0008293608132513382
6.2	-9.792474823190195e-5
6.21	-0.001321238609156475
6.22	-0.003197190754064321
6.23	-0.003194612631543242
6.24	-0.0016467850001737057
6.25	0.0018559986067248186
6.26	0.0018556689832477232
6.27	0.0010646126584868219
6.28	-0.000709624248809136
6.29	-0.00016413063621402896
6.3	-4.001503736858479e-6
6.31	0.001067380190597292
6.32	0.001878684431899451
6.33	-3.0734620983548146e-5
6.34	0.001991944080133171
6.35	0.00042989691073217975
6.36	0.0011191437092851974
6.37	-0.0009685336278573535
6.38	0.0007296101639133732
6.39	-0.00023697687315434962
6.4	-0.001588545536991426
6.41	-0.0020620691772711094
6.42	-0.001715648862571555
6.43	-0.0019271831508850966
6.44	-0.002687672650646345
6.45	-0.0014109895465923327
6.46	-0.0017626648261817165
6.47	-0.0006067051758263341
6.48	0.0015041121917670748
6.49	0.0009386196737472667
6.5	-0.0012989276184900516
6.51	-0.0010515541374615566
6.52	0.0013096238879534501
6.53	0.0007243573899304615
6.54	0.001570195492534034
6.55	3.401058637663027e-5
6.56	0.00019347359713164916
6.57	-6.049094354091367e-5
6.58	-0.0003290391496344293
6.59	0.0013954075567258392
6.6	0.00037399535069070766
6.61	0.0005028718886245117
6.62	0.0005297410778142525
6.63	-0.0012782897255071207
6.64	-0.002545741237624773
6.65	-0.001888544746989146
6.66	-0.0014836899989666603
6.67	2.1012498888311448e-5
6.68	-0.0005916643963222157
6.69	0.0008646314412268773
6.7	0.0015228885555273958
6.71	0.002077021255742698
6.72	0.002738011124560682
6.73	0.0030131248226173755
6.74	0.0008052122001485221
6.75	0.0009265598171343047
6.76	-0.0008672928073077908
6.77	-0.001833853980944789
6.78	0.00022465589055216213
6.79	0.00042974048492916097
6.8	-0.000723374625465183
6.81	-0.0018881931135677175
6.82	-0.0013765132116891994
6.83	-0.0015201882573094318
6.84	-7.000401825017823e-5
6.85	-0.0008592465697325653
6.86	0.0005768978202198369
6.87	0.00037590598526807795
6.88	1.492009999291921e-5
6.89	-0.0006150658514170767
6.9	-4.651411651301859e-5
6.91	-0.0008715108259136064
6.92	0.0012096069653331756
6.93	-0.0002543229237550004
6.94	-0.00018474392610325551
6.95	-0.0005782776093354328
6.96	-0.000545212054214235
6.97	-0.0004535224423792297
6.98	0.000366201868451265
6.99	-0.00010067811221349574
7.0	-0.000771445811275288
7.01	-0.000639905094166373
7.02	0.0007648521362296657
7.03	-0.0009610289210615266
7.04	-0.00011113361195394917
7.05	-0.0013173622624449675
7.06	-0.0013545407219774158
7.07	-0.001294127769894135
7.08	-0.0011778028684731733
7.09	-0.0006869119536218529
7.1	-0.0015913586776204098
7.11	-0.0010485596469084917
7.12	-0.001462413098568688
7.13	-0.0017869582894734944
7.14	-0.000365435588535086
7.15	0.00026955827112123173
7.16	-0.0006596744010660255
7.17	-0.0016716762971122879
7.18	2.1298486691237867e-5
7.19	-0.001535512638582503
7.2	-0.0010547462728656644
7.21	-0.0009459430738069079
7.22	-0.0011860405027299045
7.23	-9.76365024801369e-5
7.24	0.0005598389670175708
7.25	-0.000674489412965754
7.26	-0.001262664927557923
7.27	-0.003974773873001381
7.28	-0.001976290991008145
7.29	-0.0009139248528588762
7.3	0.0002292364167837705
7.31	0.001365412053518581
7.32	-0.0011932544840783925
7.33	-0.0008432289487065029
7.34	0.0005875760075238888
7.35	-0.0014057789860263523
7.36	-0.003219098335191722
7.37	-0.0031855759578819326
7.38	-0.003146186950728299
7.39	-0.0022304182448575206
7.4	-0.002709260875731169
7.41	-0.0027976613838406007
7.42	-0.0040095137959689775
7.43	-0.0048393700797548286
7.44	-0.0034057385633693275
7.45	-0.0023010893545973676
7.46	-0.001036901601698275
7.47	-0.0017522679131395087
7.48	-0.0005108825107326186
7.49	-0.002124492117188371
7.5	-0.0019378753423288607
7.51	-0.0020061643417352364
7.52	-0.0015692909972212154
7.53	0.00016943477572805364
7.54	-0.001202208134052757
7.55	-0.0018039981511566664
7.56	-0.0021279731052731596
7.57	-7.73862653474916e-5
7.58	0.0005222686637156435
7.59	0.0005692077765257605
7.6	0.0001561329629505955
7.61	0.0011689049104515751
7.62	0.000553533575937465
7.63	0.000358788782675184
7.64	0.00032028948447041335
7.65	0.0005430512544416215
7.66	0.001564587639952546
7.67	0.0005021954578520533
7.68	0.0006407412781335224
7.69	0.0014580833492564087
7.7	0.00015243422323991336
7.71	0.0010689225436746887
7.72	0.0009974381775941048
7.73	-0.0024257973924787504
7.74	-0.0009699220756872489
7.75	-0.0007935237144186295
7.76	0.002122197269202873
7.77	0.0019141432010462269
7.78	0.0008003800819851143
7.79	-0.0014976407080743652
7.8	-0.002444564362465747
7.81	-0.003592382535264048
7.82	-0.0037967127801029504
7.83	-0.0040239018739057835
7.84	-0.004108855249812927
7.85	-0.0019312360572367165
7.86	-0.0016105154277914835
7.87	-0.0017926766450760763
7.88	-0.0006349066374229955
7.89	-0.0016946688702118488
7.9	0.0005483316989673624
7.91	0.000198576235208905
7.92	0.0012644548184351817
7.93	0.0016094889482169445
7.94	0.002110698678159361
7.95	0.0005393386479614676
7.96	0.0012403229331607497
7.97	0.002613321916556845
7.98	0.0025720174666080554
7.99	0.002423431349474051
8.0	0.0006513742247489923
8.01	0.0007494735867524992
8.02	0.00046944220112881156
8.03	0.00113703873736505
8.04	-0.0005826723990425786
8.05	-0.001622206350105722
8.06	-0.0022350685785829413
8.07	-0.003442604672130626
8.08	-0.0023342173001398465
8.09	-0.0012263837259275398
8.1	0.0008675589105336843
8.11	0.002366361390533758
8.12	0.0010056489724293478
8.13	-0.0006612430507956864
8.14	0.0010573942856811833
8.15	0.0003895358825515619
8.16	0.0013013416854643271
8.17	0.0021680393654016443
8.18	0.000656104345200544
8.19	0.0004556908895002997
8.2	0.00036442596886139376
8.21	0.0006714795527377397
8.22	-0.001360416893442234
8.23	-0.0005598978790847582
8.24	-0.0029716401170899053
8.25	-0.0020890816407406624
8.26	-0.0030904454339653045
8.27	-0.0030886391200475928
8.28	-0.0024067172561569195
8.29	-0.001380005934453781
8.3	0.0009933530501507906
8.31	0.0005330756768559575
8.32	-0.000329467570033114
8.33	-0.0014311312535849358
8.34	-0.0003991965224087581
8.35	-0.00013792972315169712
8.36	-0.0006493284664819538
8.37	-0.0015867403111839453
8.38	-0.0008538501381340171
8.39	0.00043479839528945765
8.4	0.0021876225475993246
8.41	0.0017785757706380513
8.42	0.002394761977984459
8.43	-0.0002272055648816993
8.44	-0.0014981318874059785
8.45	0.0001383605667315848
8.46	0.0009121247801651042
8.47	0.0014473314482175365
8.48	0.0025016374574215634
8.49	0.001995736019388033
8.5	0.0004945122031249389
8.51	0.00043416715429883635
8.52	0.00014981095462332457
8.53	0.0013821811126158207
8.54	0.00042309998153188373
8.55	-0.0009996723732906073
8.56	-0.000841834573195417
8.57	0.0005621479269977469
8.58	0.0007168691977621838
8.59	0.0013525251972527467
8.6	0.0013300563568498641
8.61	0.0023279961126144977
8.62	0.002412951619653924
8.63	0.0009267852718553972
8.64	-2.8626098635663727e-5
8.65	-0.0009357544443875012
8.66	4.434542882690505e-5
8.67	-0.00045466789044154316
8.68	-0.00044128248636475634
8.69	0.0009176629383543738
8.7	0.0011921428277627078
8.71	0.00048504959095649786
8.72	0.0010814350421766892
8.73	0.002444849180030445
8.74	0.0008592297393615755
8.75	0.0014121791774433122
8.76	-0.0006982736763046994
8.77	-0.000824072332314697
8.78	0.00014193657222674242
8.79	-0.0005204891971970897
8.8	-0.00024084671702874884
8.81	-0.0005550198117508793
8.82	0.0001593542971154599
8.83	2.4160285718485234e-5
8.84	0.0016973486301626848
8.85	0.001793474280927037
8.86	0.0018627843300953574
8.87	0.0006304122101901058
8.88	-0.0003027139604962903
8.89	-0.0011582003233222182
8.9	0.0003273125804288849
8.91	-0.0019209286510742556
8.92	-0.0019473835597712773
8.93	-0.0015224305324569312
8.94	-0.0017395678148188366
8.95	-0.00011914056095002253
8.96	0.0012340646809095542
8.97	0.0016821488664204155
8.98	0.002416907328054053
8.99	0.0033773130128178968
9.0	0.0017201700479471662
9.01	0.0023291064878665645
9.02	0.0006772105085505214
9.03	0.00016338579553968097
9.04	0.001178519766569069
9.05	0.000904693965246588
9.06	0.0004789440855924028
9.07	0.0001079784599483726
9.08	0.0004002135626229965
9.09	0.00017335175326071503
9.1	0.0001932993006652865
9.11	0.0008057413274799288
9.12	0.0014686510444928834
9.13	0.0018393811222594556
9.14	0.0017957487097183338
9.15	0.0016065157709140435
9.16	0.002772824806300563
9.17	0.0012558626193370779
9.18	0.0002448011321963375
9.19	0.0017106131930983198
9.2	0.0023331322821977083
9.21	0.0016267697307780764
9.22	0.001278472052870872
9.23	0.0018537037126978829
9.24	0.0013070585307784393
9.25	0.0023829015807888664
9.26	0.0005178352432775251
9.27	0.00033104095333055236
9.28	0.0016402484578072073
9.29	0.00036470157665515406
9.3	-0.0003115501044769181
9.31	-0.0010285800739636372
9.32	-0.002752853376874806
9.33	-0.002567713649705457
9.34	-0.0014616512077344106
9.35	-0.0011123399766339505
9.36	-0.001781410485736021
9.37	3.5783942151512002e-6
9.38	-0.0011726570247777676
9.39	-0.0005104211806671928
9.4	-0.00046762447373892367
9.41	-0.0006938466053846964
9.42	0.00010417098128827603
9.43	-0.001050065552436454
9.44	-0.001075887328776347
9.45	-0.002683909173660144
9.46	-0.0007238477219162756
9.47	-0.0009794630308424868
9.48	-0.00028026926603412657
9.49	0.00011393874820523305
9.5	0.0021990236649591295
9.51	0.00046485406027515217
9.52	0.0011932565434584666
9.53	-0.0007011685835249732
9.54	-0.002666995573797382
9.55	-0.0016729752207533884
9.56	-0.0006661314460477477
9.57	0.000899887194035351
9.58	-0.00018492880515212632
9.59	-0.0009570629352747822
9.6	-0.0008355712438714912
9.61	-0.00023098801502646776
9.62	-0.00015094076309687322
9.63	-0.002186029447032093
9.64	-2.9238804702049105e-7
9.65	0.0018956190205574011
9.66	0.00014008280199289425
9.67	-7.376988510743493e-6
9.68	0.00048447115748203966
9.69	-0.0002731679453331912
9.7	-0.0021314969799316767
9.71	-0.00033932789826989347
9.72	-0.0007533235663363916
9.73	-0.0004175885723748891
9.74	-0.001398970060492338
9.75	-0.0019889885470363326
9.76	0.00014443313143882832
9.77	0.001983762624958468
9.78	-0.0003175566417086728
9.79	-0.0005669579528309037
9.8	-8.178456304346372e-5
9.81	0.00018749030866684684
9.82	-0.0006235545091037445
9.83	-0.001047077781329625
9.84	-0.001629836431709474
9.85	-0.0003931521255454124
9.86	-0.0004403216076500603
9.87	-0.0009335848677142462
9.88	-0.0013746589707433912
9.89	0.000422897891134012
9.9	-0.0019024419975106832
9.91	-0.0039596363983477895
9.92	-0.004828168357444523
9.93	-0.00265700871677165
9.94	-0.00037190448285138127
9.95	0.0006437980375933155
9.96	0.0005867244280543915
9.97	0.0003407765695880078
9.98	-0.002414157747296913
9.99	-0.0011050682310904374
10.0	-0.000560338351453844
10.01	0.004586145853205865
10.02	0.009512961521583454
10.03	0.015687172248915856
10.04	0.0212630023476904
10.05	0.028668811000201577
10.06	0.03636609315659431
10.07	0.04676522159917449
10.08	0.05711822886558866
10.09	0.06592363534989605
10.1	0.0734550481750342
10.11	0.08292208254338033
10.12	0.09171218179459323
10.13	0.10135987933674953
10.14	0.11058677880874015
10.15	0.11747146959977835
10.16	0.1238299102713705
10.17	0.13118094430518323
10.18	0.1392736979914067
10.19	0.14592690934537064
10.2	0.1538520670011335
10.21	0.16032386307707222
10.22	0.166223832353426
10.23	0.173604683437577
10.24	0.17844703919157925
10.25	0.18600226925606117
10.26	0.19219791298174752
10.27	0.19651639590622969
10.28	0.20049786487579346
10.29	0.2067883198755909
10.3	0.21131820788811345
10.31	0.21630704421279523
10.32	0.22380137763862054
10.33	0.22786511612963942
10.34	0.23447525848819536
10.35	0.2384342935980451
10.36	0.24453487154084397
10.37	0.2491580086628003
10.38	0.2535088418842133
10.39	0.25825780469048576
10.4	0.26107355653212416
10.41	0.26576187046398003
10.42	0.26959131657840785
10.43	0.27212301271511535
10.44	0.27683853573498446
10.45	0.28142296918545445
10.46	0.28389215773796844
10.47	0.287156672540633
10.48	0.2925582547024396
10.49	0.2976403461678308
10.5	0.30129702175618855
10.51	0.3030535798996844
10.52	0.3061834047201613
10.53	0.3111543023906259
10.54	0.31329374549056427
10.55	0.3146433106243147
10.56	0.3182663131349766
10.57	0.3204715679830258
10.58	0.32377695652481236
10.59	0.3270230041406726
10.6	0.32883229201006026
10.61	0.3304034908954082
10.62	0.33147696620629974
10.63	0.33577368061008506
10.64	0.33941691154696846
10.65	0.3417829034215278
10.66	0.3443223414820988
10.67	0.3458399114227945
10.68	0.34837059978131296
10.69	0.352143847539204
10.7	0.352602045231992
10.71	0.35393023578755234
10.72	0.35480974748716554
10.73	0.3563052261956728
10.74	0.3595664530786368
10.75	0.3610382662863436
10.76	0.36204886904407974
10.77	0.36347507977778715
10.78	0.36465236418822644
10.79	0.36808613993998934
10.8	0.37143023407236997
10.81	0.37191575918294395
10.82	0.37410456701054356
10.83	0.37564160080001563
10.84	0.3755372787995172
10.85	0.37633718784583686
10.86	0.38019137750187953
10.87	0.3802539472786177
10.88	0.3817423889841126
10.89	0.38295101763405975
10.9	0.3847316024600347
10.91	0.3875450424617625
10.92	0.38863818414525064
10.93	0.3884297614739933
10.94	0.3914711105547803
10.95	0.39080726771474694
10.96	0.3915138664780112
10.97	0.393052623344146
10.98	0.3929290653749429
10.99	0.39378839840295915
11.0	0.3966564505644522
11.01	0.3971898423470104
11.02	0.3991998644777254
11.03	0.40093909210506656
11.04	0.4010669383445143
11.05	0.40101074049515817
11.06	0.4000206820519275
11.07	0.40195490845924176
11.08	0.40327968508692325
11.09	0.40302329357259764
11.1	0.4017748109590676
11.11	0.40388508615195245
11.12	0.40563449944137453
11.13	0.40670340263852095
11.14	0.4080396963772466
11.15	0.40886642225582326
11.16	0.4094779486412136
11.17	0.4115639457266401
11.18	0.40969481389877277
11.19	0.40990556676829154
11.2	0.4115429214571065
11.21	0.4117223469507014
11.22	0.41070575219043803
11.23	0.41080903524141404
11.24	0.41351531730888696
11.25	0.4152911932612816
11.26	0.4145089294103292
11.27	0.4165512777556043
11.28	0.41607097354692735
11.29	0.4154426670989678
11.3	0.4140797811149472
11.31	0.4147702719852783
11.32	0.41607351363337275
11.33	0.4180455492039488
11.34	0.41942346586875223
11.35	0.4209006583814046
11.36	0.4212153115391787
11.37	0.4201040279376567
11.38	0.41925280295450945
11.39	0.4201915357523907
11.4	0.42146317867720895
11.41	0.4219304579061151
11.42	0.42204392452350625
11.43	0.4229468513759632
11.44	0.4237240998868227
11.45	0.4229111308435485
11.46	0.42386780325006457
11.47	0.42463706078853436
11.48	0.42464354646387276
11.49	0.42426410110286517
11.5	0.42513272208365316
11.51	0.42388900845380706
11.52	0.42573577588902267
11.53	0.42642112976670904
11.54	0.42590373418408667
11.55	0.42652413385103627
11.56	0.4266812976063608
11.57	0.4271432722995129
11.58	0.42764734262273224
11.59	0.42628204843357465
11.6	0.4285198924133361
11.61	0.42693679046203653
11.62	0.42758846849058946
11.63	0.4284098900174281
11.64	0.42827263215074746
11.65	0.42906991002910366
11.66	0.4265337906381749
11.67	0.42687795296268777
11.68	0.4260744047116877
11.69	0.4286385062314445
11.7	0.4286450583317504
11.71	0.428672997840259
11.72	0.42943608121838306
11.73	0.42925769915050355
11.74	0.42966178936525784
11.75	0.42961722604004576
11.76	0.43067595492634625
11.77	0.4305238194942085
11.78	0.4309988976046535
11.79	0.43191498797003897
11.8	0.43013356036328804
11.81	0.43135487589284016
11.82	0.43241313707419593
11.83	0.433531697791842
11.84	0.43131977295658697
11.85	0.4318753504456265
11.86	0.43133488559114364
11.87	0.431916897894578
11.88	0.4314409794566651
11.89	0.42901064364180824
11.9	0.4277096214349217
11.91	0.4258668656881903
11.92	0.42676567552799693
11.93	0.4286098050223694
11.94	0.429026196629666
11.95	0.4304946347802859
11.96	0.4308826551349795
11.97	0.4309738338020363
11.98	0.43255668821940985
11.99	0.433194732467584
12.0	0.43400324765988646
12.01	0.43301311105913554
12.02	0.4336480540438853
12.03	0.4334990326097779
12.04	0.4309988743656761
12.05	0.4320647231107337
12.06	0.43175589492201316
12.07	0.4319121045969542
12.08	0.4341552042167931
12.09	0.4342626103598575
12.1	0.43412340455696014
12.11	0.43443478921293055
12.12	0.43426405710006655
12.13	0.43515251541890293
12.14	0.43508230799071884
12.15	0.434274773942894
12.16	0.4338773375222688
12.17	0.4328622856609424
12.18	0.430573222955271
12.19	0.43201898965637026
12.2	0.43115191552515075
12.21	0.43163111954509104
12.22	0.4321965548848475
12.23	0.43051250369772626
12.24	0.43299537838753993
12.25	0.43288572556571964
12.26	0.43408816488940544
12.27	0.43412997974450507
12.28	0.43182137316435426
12.29	0.4317969349082413
12.3	0.4304387128247071
12.31	0.43018328226240976
12.32	0.4311072974043479
12.33	0.43264471846703806
12.34	0.43114710383078886
12.35	0.4324563239746856
12.36	0.43388434264623094
12.37	0.4352915105638361
12.38	0.43516703510136123
12.39	0.43393009019626466
12.4	0.43381511058281996
12.41	0.4339311116112215
12.42	0.43388359694116785
12.43	0.4344093029767543
12.44	0.4334099670101885
12.45	0.4351633327796548
12.46	0.43387181177856177
12.47	0.4345653494961224
12.48	0.43343231200927873
12.49	0.4341727969823429
12.5	0.43452390208922576
12.51	0.43513778519362273
12.52	0.4368289800521137
12.53	0.43644901967656613
12.54	0.43797116307219613
12.55	0.43612928143225577
12.56	0.43628280207965875
12.57	0.43650952441620255
12.58	0.43643704402839134
12.59	0.43649413679459337
12.6	0.43481570678514014
12.61	0.43504500283956005
12.62	0.43337655299118066
12.63	0.4344989354761116
12.64	0.43460857075218773
12.65	0.4330491962804526
12.66	0.4325722125857417
12.67	0.4332843436501821
12.68	0.4333774393613371
12.69	0.4333349401860823
12.7	0.43173799731010554
12.71	0.4334002141990907
12.72	0.4339392440949847
12.73	0.4353303183639909
12.74	0.43653964903216746
12.75	0.43471454747673455
12.76	0.43438928809104405
12.77	0.4332589647389632
12.78	0.4333426252316302
12.79	0.43588828372100596
12.8	0.4353954177133794
12.81	0.43621602700238654
12.82	0.4370606470876003
12.83	0.4365609892018146
12.84	0.43459149607314057
12.85	0.43386109381984206
12.86	0.4354292266677201
12.87	0.4348507813712708
12.88	0.4364849391796256
12.89	0.4357403907213159
12.9	0.4359337127127642
12.91	0.4356118399714732
12.92	0.4352763087875017
12.93	0.43572467471341836
12.94	0.4343778689892851
12.95	0.43315350037207007
12.96	0.43276568662450376
12.97	0.4327053023400617
12.98	0.43597731208972645
12.99	0.4344113111934688
13.0	0.43394155425304354
13.01	0.4359555723044913
13.02	0.4378135365986504
13.03	0.4363835429713526
13.04	0.4362669831491716
13.05	0.4356166055232891
13.06	0.43511168230701347
13.07	0.43536583842490983
13.08	0.4341193052209482
13.09	0.4341158967572193
13.1	0.4347336301680239
13.11	0.43563358272931857
13.12	0.4367468784555049
13.13	0.43506218091219906
13.14	0.43653086740556324
13.15	0.4367686491100044
13.16	0.4370269079382176
13.17	0.43614416356520264
13.18	0.4351056406811767
13.19	0.43617020258882183
13.2	0.43631743485717245
13.21	0.43632145731950767
13.22	0.43611714786310973
13.23	0.43623530390009063
13.24	0.4358416820357139
13.25	0.43642005297289554
13.26	0.4350414868482672
13.27	0.4345972276854231
13.28	0.4354420330714086
13.29	0.436124812041609
13.3	0.43643772996934654
13.31	0.4357706803373787
13.32	0.43658122868945715
13.33	0.4378777321760954
13.34	0.43832021737547083
13.35	0.43665440735386
13.36	0.43680251192297337
13.37	0.43708139041236743
13.38	0.43846999507877477
13.39	0.4372437991780823
13.4	0.43668551678258777
13.41	0.4377559185870805
13.42	0.4366972278674718
13.43	0.43619474069039255
13.44	0.43430760000677954
13.45	0.4352967859638548
13.46	0.43583858920535823
13.47	0.4349245618582812
13.48	0.4364359306785902
13.49	0.43627148569801016
13.5	0.4350201162537731
13.51	0.43522219460563605
13.52	0.43347030537704706
13.53	0.43618689343269257
13.54	0.43538682974132437
13.55	0.4354023453364895
13.56	0.43404816839409976
13.57	0.43287200330813996
13.58	0.4336462353920984
13.59	0.4370252342028183
13.6	0.43619462565520856
13.61	0.43539647303399703
13.62	0.436200531694138
13.63	0.4361535515130858
13.64	0.43661638092599786
13.65	0.43631388590905745
13.66	0.436293101830509
13.67	0.4356607402806458
13.68	0.43574244616351576
13.69	0.43509879797358103
13.7	0.4357073214940365
13.71	0.4373360396272227
13.72	0.43643750448862517
13.73	0.4372471907833027
13.74	0.43728991713936854
13.75	0.43677344067415996
13.76	0.4355897673043915
13.77	0.43267663115380284
13.78	0.43332702059750317
13.79	0.435656352438873
13.8	0.43603388422395406
13.81	0.43534473013085084
13.82	0.43500775404464903
13.83	0.4333718797194843
13.84	0.43475480351527196
13.85	0.43645262482885017
13.86	0.4366002908940953
13.87	0.4355600933287918
13.88	0.436892806863868
13.89	0.4391627014462385
13.9	0.43819037527957044
13.91	0.43725026291090674
13.92	0.43674056679061674
13.93	0.4353740952769036
13.94	0.4365637332472683
13.95	0.4351667501510644
13.96	0.4356516048716316
13.97	0.43630958815793297
13.98	0.4366279964273481
13.99	0.43569274121900187
14.0	0.4339014641327159
14.01	0.42336764538650984
14.02	0.4070155191695339
14.03	0.3838626771901788
14.04	0.3580435547170829
14.05	0.33274727902961104
14.06	0.3082976833404226
14.07	0.2849537678473944
14.08	0.26169466439580796
14.09	0.2412672094142047
14.1	0.22126117255103675
14.11	0.20252841957663265
14.12	0.18408186563340972
14.13	0.17043981885391893
14.14	0.15669080373701033
14.15	0.1437361817298097
14.16	0.1314517284354911
14.17	0.12062879113592473
14.18	0.11134494307704237
14.19	0.10168414012890734
14.2	0.09313511115111457
14.21	0.08297344245825582
14.22	0.07597788352763366
14.23	0.06852791286711324
14.24	0.06179326810664891
14.25	0.057007918113133216
14.26	0.05269071102995033
14.27	0.0486676012371262
14.28	0.044503423527833666
14.29	0.039931059661678474
14.3	0.03451977184308704
14.31	0.031979343017794586
14.32	0.029561498415554523
14.33	0.02796995451792693
14.34	0.026175645161936382
14.35	0.022913613563739638
14.36	0.02025320547534606
14.37	0.019116815798819506
14.38	0.017888571212835255
14.39	0.015962943286520568
14.4	0.014106216343024636
14.41	0.012586720003497968
14.42	0.012021070932896418
14.43	0.01097411557630602
14.44	0.010246720591948158
14.45	0.010583755279813785
14.46	0.00845622548557983
14.47	0.00873495756437229
14.48	0.009185067844507787
14.49	0.00835810075348279
14.5	0.007159818105726602
14.51	0.008193736842487283
14.52	0.007246288217005272
14.53	0.004818745321967461
14.54	0.0042894503740615
14.55	0.004259364117543324
14.56	0.003862096818907868
14.57	0.0033627672863990516
14.58	0.002430788106690642
14.59	0.0024543910139967636
14.6	0.001637223069770067
14.61	0.0027945467089101664
14.62	0.0033910141879936987
14.63	0.00232620583714826
14.64	0.0030209689172002634
14.65	0.0022858201333339086
14.66	0.0018795456620535826
14.67	0.0009329916888568377
14.68	-6.186247350555594e-5
14.69	-0.0013612808286215421
14.7	-0.0012516217159960154
14.71	0.0006752825962793391
14.72	0.0004574150497720222
14.73	0.0027215436032431294
14.74	0.0007663587158738398
14.75	0.00040382454612641905
14.76	0.0003867860808991174
14.77	-0.00020038979371193787
14.78	0.0010993913834156678
14.79	0.0010678712021105089
14.8	4.2555756308834524e-5
14.81	-0.000939654305694009
14.82	-0.0005272197478709344
14.83	0.00043860772446774077
14.84	-8.412682704429413e-5
14.85	0.00039947793171921407
14.86	0.0005103106716116025
14.87	0.0007191544784553356
14.88	-0.0003284995155847721
14.89	-0.00017263580352386708
14.9	-0.0006036143718353647
14.91	0.0007446435761640828
14.92	0.00044900576842935757
14.93	3.5700558743246793e-6
14.94	0.0001640518210189919
14.95	2.0346924659853532e-5
14.96	0.0003846592818446117
14.97	0.0011040434010638886
14.98	0.00018730141180830996
14.99	-0.0006783257662677297
15.0	0.0016948380639762047
15.01	0.0010089684813209166
15.02	0.0013893828343687715
15.03	0.0010507133599732342
15.04	-0.0005304625506388007
15.05	-0.000895804740838561
15.06	-4.139992843196756e-5
15.07	0.0004136393080439771
15.08	0.0002478583062024908
15.09	0.0010997940066121096
15.1	0.0009325982405905023
15.11	9.711865412185603e-5
15.12	-0.000391851869629647
15.13	0.0005579357705381207
15.14	1.7216987842805476e-5
15.15	-0.00047557173512843316
15.16	-0.000899173875663818
15.17	-0.00016649219684585886
15.18	-0.001882682337014695
15.19	-0.0006392162750582473
15.2	-0.00067740449745045
15.21	-0.0003663150383254767
15.22	0.0008301666804414155
15.23	-0.0008960899754162311
15.24	-0.0010005741048733907
15.25	-0.0013197764185926277
15.26	-0.0015974342387537039
15.27	-0.0017167498986425894
15.28	-0.0015232054157666168
15.29	-0.0017862544098883428
15.3	-0.003442550182388186
15.31	-0.002206232046073083
15.32	-0.0020958203249084426
15.33	-0.0018246888456812107
15.34	-0.0014615856394237408
15.35	-0.0012393572993055178
15.36	-0.0028651336338104414
15.37	-0.0006054686221651782
15.38	-0.0011853974622408562
15.39	-0.0030889816974841054
15.4	-0.0014093666873411306
15.41	-0.0007108474681041151
15.42	-0.0005507842541410679
15.43	-0.0012664341238299464
15.44	-0.0019644043561656585
15.45	-0.0026571212291372917
15.46	-0.0009383474039609999
15.47	0.0006418692690489732
15.48	-0.00010005112208938977
15.49	7.863926057147475e-6
15.5	0.0002655335384629191
15.51	0.0012465134648224768
15.52	-0.00035590953891016645
15.53	-0.0015861872038937014
15.54	-0.0014489950576925595
15.55	-0.0019737070033539836
15.56	-0.0003726484250952842
15.57	0.00019717410990542102
15.58	-0.0005511983743834525
15.59	0.000562547489772808
15.6	0.0002255154646481394
15.61	0.001699905240774691
15.62	0.0010834862849143072
15.63	0.0007638272018279258
15.64	-0.00038095190414310596
15.65	-0.0002552095081511462
15.66	-0.0003966706708867524
15.67	-0.0008489041545205145
15.68	-0.0009514904433292787
15.69	-0.0015824435430537038
15.7	-0.0006290883746174927
15.71	-0.00011852614629563438
15.72	0.0007317697303120543
15.73	-0.0005948058883454959
15.74	-0.0007838082570899803
15.75	-0.0004993298062469934
15.76	0.0019118856202096526
15.77	-0.000693518896028605
15.78	-0.0004679120664745033
15.79	-0.0014380475700484306
15.8	0.0019473523734398596
15.81	0.0016013748701197243
15.82	0.000644308336174545
15.83	-0.0012167091349797583
15.84	-0.0014976166897230964
15.85	0.0004713781606182406
15.86	-0.0003362647293287572
15.87	-0.002444450065981885
15.88	-0.0018608692753272892
15.89	-0.00076575274084079
15.9	-0.0028401747933651817
15.91	-0.0011840487544923454
15.92	-0.002649435453914133
15.93	-0.002391119684201799
15.94	-0.0020829848091937046
15.95	-0.0008154990820086948
15.96	-0.0010535416135637348
15.97	-0.0011208608237489946
15.98	-0.0004624370706477491
15.99	-0.0007775699977921378
16.0	0.0006620407131337519
16.01	0.00277824642493887
16.02	0.0048487454056401705
16.03	0.002405509796964205
16.04	-0.0017492341620616
16.05	-0.00030361103054934963
16.06	-0.00018967642876862545
16.07	-0.0008342438858702369
16.08	-0.001698947397399238
16.09	-0.002686906129700193
16.1	-0.0007067694482507248
16.11	0.0015951366349655058
16.12	0.0031502202323327073
16.13	0.002919494829991143
16.14	0.002342075283882927
16.15	8.540850758178181e-6
16.16	-0.0007967528740399156
16.17	-0.0004419502964498504
16.18	-0.0011626211429468134
16.19	-0.0006610279945229682
16.2	0.00046298028559607336
16.21	6.771103061464262e-5
16.22	0.0004186920058407437
16.23	0.000627900271816586
16.24	-7.580414025703746e-5
16.25	-0.0005664843670134139
16.26	-0.00034897853319980685
16.27	0.0009220977187468987
16.28	-9.755337829455571e-5
16.29	-0.002922656694617974
16.3	-0.0028435432157062606
16.31	-0.002603277364135039
16.32	-0.0014312704352448598
16.33	-0.0027816650108739003
16.34	-0.0027462420691691386
16.35	-0.0011558057515380512
16.36	-0.0006850697032481551
16.37	-0.0011371140347172376
16.38	-0.0023371206858293306
16.39	-0.0015723000132656987
16.4	-0.0009315907331623986
16.41	0.0012266619035922015
16.42	-0.0006148444391207686
16.43	0.0007632220750256864
16.44	0.0015455588300621736
16.45	0.0017684001556362758
16.46	0.0015021287379145976
16.47	0.0005151974377730025
16.48	-2.749931511956198e-5
16.49	-0.002350484268617137
16.5	-0.002704700489054185
16.51	-0.0008601597418272819
16.52	0.0004102410086850842
16.53	0.0018737890698455777
16.54	0.0008437462443610343
16.55	-0.00013761915088786103
16.56	-0.002062215753988428
16.57	-0.0030998202317856446
16.58	-0.0018476990583138012
16.59	-0.0019777354307406562
16.6	-0.0022176177747660506
16.61	-0.0019352686220450376
16.62	-0.0008944278636094869
16.63	-0.001946128451581842
16.64	-0.0013560553563706117
16.65	-0.0011220378978531174
16.66	9.51111465965888e-5
16.67	-0.0006035455072939744
16.68	-0.0007658328382926964
16.69	-0.00023184276258876292
16.7	7.467946144719454e-5
16.71	-0.0013972608604695704
16.72	0.0002038948769190986
16.73	1.5969927497235572e-5
16.74	0.0003890774797988081
16.75	-0.003276986874854868
16.76	-0.0016264742517407493
16.77	-0.0014779517022882958
16.78	-5.239910328780663e-5
16.79	0.00047895972233529243
16.8	0.0001997909867636192
16.81	0.0017639830768413822
16.82	0.00025052044684635664
16.83	0.0016302383890239643
16.84	0.003594945263360846
16.85	0.0029929209609936024
16.86	0.0018824777874858712
16.87	-0.00012546529150203205
16.88	0.0011292376598804475
16.89	-0.0011883592619370284
16.9	-0.0006776377842730505
16.91	-0.0003299228421065629
16.92	0.0006354459245218398
16.93	0.001989916449824637
16.94	0.0008423936614903053
16.95	-0.0006016141843968188
16.96	-0.0005309232275457994
16.97	0.0012619998710328047
16.98	0.0006629021094326836
16.99	0.00025804163371292695
17.0	9.85892636863398e-5
17.01	-0.0005149687462422833
17.02	-0.0005731226482290771
17.03	-0.0006474863382944768
17.04	0.00039031188035594267
17.05	-0.0011532418218687724
17.06	-0.0008570506172076374
17.07	-0.0016895239710548295
17.08	-0.00016936707146646414
17.09	0.0006908918965205186
17.1	-0.0004968896704178502
17.11	-0.00023254903677918755
17.12	0.0022351584989061843
17.13	0.0029892485260549022
17.14	0.00310981470044407
17.15	0.0020069712693502983
17.16	-0.0004990794855746728
17.17	-0.00032895909120526354
17.18	0.0005683485935902246
17.19	0.0003078727012892619
17.2	-5.974851659268495e-7
17.21	-0.001900379658343356
17.22	-0.0009696544667722958
17.23	-0.0014904043995011727
17.24	-0.0014131606259961454
17.25	-0.0010022399244622622
17.26	-0.00029320665250683167
17.27	-5.0925383373209166e-5
17.28	0.00035901375088948073
17.29	0.002485237290673769
17.3	0.0010930927403339397
17.31	0.0030409843538630743
17.32	0.003693106396886497
17.33	0.00396257869580657
17.34	0.0048532213720713525
17.35	0.004786640435857834
17.36	0.003093034674691734
17.37	0.0015187750789777772
17.38	-0.00037585628169178783
17.39	-0.00020887325277972512
17.4	0.001111899621057821
17.41	0.0005769327231580518
17.42	0.001692742787102216
17.43	0.001184444897914968
17.44	0.0015665677321794905
17.45	0.0018738939743365075
17.46	0.0008111117190665987
17.47	0.0017892407817576095
17.48	0.0020755008743248587
17.49	-0.0002534424225186902
17.5	-0.0009465661400550747
17.51	-0.0023289659357840047
17.52	-0.002194077333839813
17.53	-0.0014157053783356785
17.54	-0.0008954019427657431
17.55	-0.0002808170625001031
17.56	-0.0005620625161835539
17.57	-0.0010926346840353994
17.58	0.0003637408151890159
17.59	-9.485400969399657e-5
17.6	-0.0012225186984783439
17.61	0.00037240324404465665
17.62	0.0010984825967836414
17.63	0.0014298505797046119
17.64	-8.73609124583358e-5
17.65	0.0004708135123069058
17.66	0.0008662825893198322
17.67	0.0032490513267311866
17.68	0.0009060581683792611
17.69	0.00048615405545325856
17.7	0.001472201699495761
17.71	0.0003520347621201588
17.72	-0.0005476959168008053
17.73	0.00034975806002080406
17.74	-0.0012167517544404546
17.75	-0.0013668419010899548
17.76	0.0006360159471154823
17.77	0.0005792509978123176
17.78	0.0010896756105576624
17.79	0.0015451996957533056
17.8	0.0012025641465615103
17.81	0.00014664339470497114
17.82	0.00036656610208947557
17.83	0.0006196393039940862
17.84	0.0014119603890474857
17.85	0.0010540233208808484
17.86	0.0003132217126842209
17.87	-0.0005256267472939279
17.88	-0.00015627920108294934
17.89	-0.0002307572682176744
17.9	0.00016021617572048105
17.91	0.0004471905007168523
17.92	0.0005228658202437659
17.93	-0.0019157380170677861
17.94	-0.0015357957443665928
17.95	-0.0014535901295571804
17.96	8.020839036222222e-5
17.97	0.0011557573739936077
17.98	4.142322581032e-5
17.99	0.00017133348263614548
18.0	0.0010964695295060903
