0.0	0.00018203828544386752
0.01	-1.2078476017751241e-5
0.02	-0.00013433436331866867
0.03	-0.00010614879241828403
0.04	-4.418598118381667e-5
0.05	-0.00017430229335490012
0.06	-5.089102582249011e-5
0.07	-8.856508555404051e-5
0.08	-9.001073274734144e-5
0.09	-0.00010368376323214973
0.1	-7.951196555371912e-5
0.11	-0.00011782160807377141
0.12	2.6809386017934543e-5
0.13	2.3429605307668798e-5
0.14	0.0001456830697559996
0.15	0.0001521864934495197
0.16	0.00011241151079837047
0.17	2.3880521800934995e-5
0.18	1.6669618653236387e-6
0.19	-0.0001304960504761005
0.2	-0.00011531329489298129
0.21	-9.948084435075612e-5
0.22	-5.7595530466639426e-5
0.23	-0.00011436113912857221
0.24	-0.00011344894032242851
0.25	-0.00011024335871215348
0.26	-0.00017036775493109115
0.27	-4.905452729664635e-5
0.28	-0.00013652494827171572
0.29	-0.0002030825976964663
0.3	-0.0001707890668842574
0.31	-2.451981129580739e-5
0.32	-9.127563682532835e-5
0.33	-6.302621815551935e-5
0.34	-6.011009467845663e-5
0.35	-2.9293307009395898e-5
0.36	-2.634718243627203e-5
0.37	6.322694282099645e-5
0.38	0.00020682329684718688
0.39	0.00027905574820694264
0.4	0.00017646505702025971
0.41	0.0003097495916803034
0.42	0.0002464953091223906
0.43	0.00020887015957368038
0.44	0.00010658101960709598
0.45	0.00014521647800460566
0.46	0.0001155960333334068
0.47	5.3427558084084386e-5
0.48	-1.4590835273094136e-5
0.49	-6.580768281136629e-5
0.5	-9.752055316970628e-5
0.51	-0.00010673635090581095
0.52	-0.00012075349563725377
0.53	-0.000164425734196381
0.54	-0.0002540381877316363
0.55	-0.00022998427146201107
0.56	-0.00022205009806629917
0.57	-0.00016104883753216575
0.58	-0.00010642975656932312
0.59	-0.00011066984340364825
0.6	-0.00016411031441355365
0.61	-0.00026892266940588033
0.62	-0.00019075419730036461
0.63	-0.00015719921317794663
0.64	-7.125486008067735e-5
0.65	2.0795466247777698e-5
0.66	-4.919589390768253e-6
0.67	0.00015274505788534723
0.68	0.0001703725039748311
0.69	0.00011158194728120919
0.7	6.471251783619661e-5
0.71	8.93788882095328e-5
0.72	9.280821075829855e-5
0.73	3.516042943168127e-5
0.74	2.9525237555879006e-6
0.75	-5.624751330635958e-5
0.76	-3.551769005409199e-5
0.77	-9.961811032933754e-5
0.78	-0.0001311372536824077
0.79	-6.807276695563398e-5
0.8	2.2524650526224535e-6
0.81	-0.00018624731186377854
0.82	-0.00015127896779306687
0.83	-0.00020973996503913483
0.84	-0.00018944993147119942
0.85	-0.00011029906764444596
0.86	-4.809096500023674e-5
0.87	-7.904291263582872e-6
0.88	1.3045398614095084e-5
0.89	9.359992137370464e-7
0.9	2.0740501913436226e-5
0.91	4.535903604325333e-5
0.92	9.294693590203922e-5
0.93	7.387188391955937e-5
0.94	6.923204214079127e-5
0.95	5.8662520933096595e-5
0.96	7.36616988727204e-5
0.97	3.93556966218277e-5
0.98	-3.057373208733149e-5
0.99	1.9789245192567147e-5
1.0	-6.823594978658534e-5
1.01	-0.00010216640769996245
1.02	-0.0001401582809176354
1.03	-0.00013814718624831804
1.04	-0.00013658360897321614
1.05	-0.00012629352134402883
1.06	-7.917633104924499e-5
1.07	-1.0697983910113456e-5
1.08	1.955447252289408e-5
1.09	1.5786313760648425e-5
1.1	5.570361867953023e-5
1.11	4.212829592326812e-5
1.12	0.00017714401782460316
1.13	0.00021005631013630146
1.14	0.00010337427472399322
1.15	0.00013213461598746387
1.16	0.00013525192370317013
1.17	0.00010135202790080496
1.18	0.00014338760506858635
1.19	-2.486517285451566e-5
1.2	1.7535070845363786e-5
1.21	0.00010359967635654458
1.22	0.00013805986270570172
1.23	0.00010640301342692779
1.24	7.455981418676246e-5
1.25	4.5990632836836785e-5
1.26	-9.86409580039979e-6
1.27	-5.0592607768512986e-5
1.28	2.4137263459714154e-5
1.29	-4.950884765149627e-5
1.3	1.9582699736795257e-5
1.31	1.735993998662945e-6
1.32	1.7449201237029026e-5
1.33	-8.756752816892164e-5
1.34	-4.410910461265627e-5
1.35	-1.018526308728628e-5
1.36	-1.3491762249021504e-5
1.37	2.715541193394595e-5
1.38	5.408912961414989e-5
1.39	8.70875528492159e-5
1.4	0.00010862588071904126
1.41	2.0617581850100554e-5
1.42	3.815139606084407e-5
1.43	-3.387704106967271e-5
1.44	-4.81986670102752e-5
1.45	-4.397746540527472e-5
1.46	-5.801364415154222e-5
1.47	-3.310994149536913e-6
1.48	5.220323722472632e-5
1.49	1.9678170707327868e-5
1.5	9.456595023209363e-5
1.51	0.00013025199554878527
1.52	0.00017147449644033805
1.53	0.00016635647177333886
1.54	0.0001489101791040274
1.55	3.9912378242973875e-5
1.56	2.074058609483118e-5
1.57	-2.237350654267233e-5
1.58	-4.560081467229774e-5
1.59	1.4458267726190907e-5
1.6	1.3968973319036468e-5
1.61	2.3633997776746783e-5
1.62	-6.617529942356172e-5
1.63	-1.6674750774910492e-5
1.64	1.1846231651309117e-5
1.65	7.374475349766704e-5
1.66	-4.025447336614122e-5
1.67	-9.60469765546419e-7
1.68	1.723367357635342e-5
1.69	1.3779044758732748e-5
1.7	2.404689455590539e-5
1.71	6.062754214474594e-5
1.72	8.581909779514748e-5
1.73	0.0001289259496074841
1.74	0.00013777237009059205
1.75	0.00012987216203822342
1.76	0.0001220373247799643
1.77	0.00014979775079380865
1.78	6.989818867309887e-6
1.79	0.0001025210666230856
1.8	3.3500464517203695e-5
1.81	2.9750707327334563e-5
1.82	2.536706909872529e-5
1.83	9.190521586451089e-5
1.84	0.00014455913654958256
1.85	0.00010530224074009565
1.86	3.622738312664375e-5
1.87	5.302754506166369e-5
1.88	4.9065221756817436e-5
1.89	-1.3389146135419033e-5
1.9	-0.00012402147769443334
1.91	-4.525051986002565e-5
1.92	-0.00011809238167406355
1.93	-8.134673503190945e-5
1.94	-3.206240356039874e-5
1.95	7.850083716931388e-5
1.96	-1.474705875462382e-5
1.97	-0.0001201133766165137
1.98	-0.00016394513867227625
1.99	-0.00010778680755831594
2.0	-0.00018380171181334187
2.01	-0.0001737945053002268
2.02	-0.00019618716426431895
2.03	-0.00013850517624712684
2.04	-3.188325054248325e-5
2.05	-0.0001068772915542431
2.06	-0.00019242656141553815
2.07	-0.00013004457482894289
2.08	-0.00023168616536359558
2.09	-0.00020840036370330803
2.1	-0.00014979719685976432
2.11	-0.0002106767654801497
2.12	-0.0002533867784842896
2.13	-0.00025685366424763343
2.14	-0.00017824867415361896
2.15	-0.00012734427766039247
2.16	-0.00012558741281974036
2.17	-5.7428049995992785e-5
2.18	2.0109828118601718e-5
2.19	1.5797724737785242e-5
2.2	1.3154543362896746e-6
2.21	-1.410933149615957e-5
2.22	-2.195231890124223e-6
2.23	-2.3038482186206062e-5
2.24	9.21013802466096e-5
2.25	0.00018128093212343494
2.26	0.00019161026880707893
2.27	6.451369151549012e-5
2.28	5.502853847469197e-5
2.29	8.526912469268564e-6
2.3	-1.052278586098314e-5
2.31	-2.7150558317316637e-5
2.32	4.764663176557716e-5
2.33	3.992206158259726e-5
2.34	0.0001364729852021042
2.35	0.00014797361122339238
2.36	5.8112606073636145e-5
2.37	5.2415310134670595e-5
2.38	-5.906642124914265e-5
2.39	-6.577419641621538e-5
2.4	-1.4574908356230025e-7
2.41	6.517315821953499e-5
2.42	0.00010676508434998541
2.43	0.00018266130590482478
2.44	0.0001649894618895324
2.45	0.00012372014036138673
2.46	9.805684029717178e-5
2.47	0.00013484800535912717
2.48	0.00010099079707529579
2.49	0.0001530758424563169
2.5	0.0002284594407015764
2.51	0.0002310284408007597
2.52	0.00022782031455051757
2.53	0.00018858748523966593
2.54	0.00019176064509692428
2.55	0.00014708886724395492
2.56	6.989451249486967e-5
2.57	0.00010484664658052379
2.58	0.00013595900762241862
2.59	0.00016679019537898314
2.6	4.411570508980391e-5
2.61	7.071098440139985e-5
2.62	2.679456324248584e-5
2.63	-1.2756805627708866e-5
2.64	-3.804622275256832e-5
2.65	-9.7817103872362e-5
2.66	-0.00013379169639924444
2.67	-0.0001602520786370678
2.68	-0.00010217773292613915
2.69	8.649576610979333e-7
2.7	1.8925959279278332e-5
2.71	4.378211977247243e-6
2.72	0.00011049407048508484
2.73	0.00012299051139932142
2.74	0.00018809349006164834
2.75	0.00014860246318170521
2.76	6.973804816478762e-5
2.77	9.806478240026797e-6
2.78	5.357793240503734e-5
2.79	-3.120899367660264e-5
2.8	3.4972418024810964e-5
2.81	3.4852022920653164e-6
2.82	-0.00010078722728357324
2.83	-5.912817762080933e-5
2.84	-5.590714956081316e-5
2.85	-0.00010506750851882434
2.86	-3.176242702448622e-5
2.87	-2.3241359169502415e-5
2.88	-5.095246143777073e-5
2.89	-0.00010407720958693568
2.9	-8.012836431721762e-5
2.91	-9.827410596299885e-5
2.92	-2.0212630920087586e-5
2.93	2.1989729130736846e-6
2.94	-1.3993445379368327e-5
2.95	6.375756738932313e-6
2.96	9.571945539233504e-6
2.97	-7.290823742639922e-5
2.98	-4.8113382900607005e-5
2.99	-0.00010582621470432078
3.0	-2.3298212261783335e-5
3.01	-5.873024621071113e-5
3.02	2.4003881491765086e-6
3.03	-6.859811299311441e-5
3.04	1.641396038758328e-5
3.05	9.628029454258907e-6
3.06	1.9139970531719713e-5
3.07	-2.5925173227900445e-5
3.08	8.887907812361064e-5
3.09	-1.8107300632993586e-6
3.1	-7.304001761930927e-5
3.11	-4.5538366234517915e-5
3.12	-5.661911231453087e-6
3.13	-6.25185756270351e-5
3.14	-4.621383573651215e-5
3.15	-1.96969970383213e-5
3.16	-6.364545130928999e-5
3.17	6.32339029584926e-5
3.18	0.00013640071068542079
3.19	0.00019366694238055965
3.2	0.0001234105894088855
3.21	8.262558379167971e-5
3.22	2.769728047680161e-6
3.23	6.683446087389604e-5
3.24	-1.761843077778001e-6
3.25	-3.1197651421377336e-5
3.26	-5.3166764010359405e-5
3.27	-2.713743684825101e-5
3.28	-6.748657385452741e-5
3.29	-5.106833974361208e-5
3.3	5.9295014718011126e-5
3.31	0.00013648569802119658
3.32	0.0001325366809690693
3.33	3.2687118068144095e-5
3.34	-9.19599644143116e-6
3.35	-9.186703961135842e-5
3.36	-0.00014328832695179391
3.37	-5.2774553139791545e-5
3.38	-6.507983592916612e-5
3.39	2.2686767135771545e-5
3.4	-2.5944706111726084e-5
3.41	1.4548463818833813e-5
3.42	9.784419689071647e-5
3.43	0.0001262444556139347
3.44	0.00017460916068060803
3.45	0.00011368295889324252
3.46	5.827058345810578e-5
3.47	0.00011216286872648258
3.48	8.386434400873272e-5
3.49	6.359514456236021e-5
3.5	0.00013231911447147024
3.51	0.0001802779835128377
3.52	0.00018256457194233027
3.53	0.0001297102907866578
3.54	0.00020929648864041522
3.55	4.106233699168915e-5
3.56	1.1077175923644041e-5
3.57	-4.276635826181471e-5
3.58	3.7844480526388956e-5
3.59	3.2748505698105494e-5
3.6	-4.366118115804402e-5
3.61	-1.70889465654492e-5
3.62	-0.00014796516588771758
3.63	-8.30377013051781e-5
3.64	-0.00016705561599389618
3.65	-7.371377839338385e-5
3.66	-9.2045105773489e-5
3.67	-0.00010242839349581028
3.68	5.28367789202048e-5
3.69	5.910971993762631e-6
3.7	6.984822353398181e-5
3.71	0.0001030783810851026
3.72	5.96326684688496e-5
3.73	-1.9335155541983512e-5
3.74	2.183712228303612e-5
3.75	5.2288680506885385e-5
3.76	-2.7832909454965076e-5
3.77	-8.604896050339285e-5
3.78	-8.734417341661598e-5
3.79	-0.0001729129189609411
3.8	-0.00014053836710999025
3.81	-0.00017547947087708502
3.82	-0.0001407980405876608
3.83	-8.83275941260567e-5
3.84	-1.3473399267988749e-5
3.85	6.377000153769939e-5
3.86	7.036752386001034e-5
3.87	6.980657647858323e-5
3.88	2.298713545262025e-5
3.89	3.861587778936454e-5
3.9	1.9577054866755147e-5
3.91	-0.00015000270722648307
3.92	-0.00023908855277196835
3.93	-0.00017058928477812148
3.94	-0.00023565904463404807
3.95	-0.00020250822598979153
3.96	-0.0002714178417953497
3.97	-0.00018389168019039963
3.98	-0.0001643692662961577
3.99	-0.00022573349087532887
4.0	-0.00020701185832609274
4.01	-0.00022969377030027154
4.02	-0.00015671533939846444
4.03	-5.823632814101776e-5
4.04	-0.00010418869714906055
4.05	-0.00018981798954821396
4.06	-0.00016938798456036738
4.07	-0.00016712670903873045
4.08	-0.00011336699843674456
4.09	-0.00026725914261117547
4.1	-0.00023929734061764013
4.11	-0.00012080954636354713
4.12	-9.920823497260958e-5
4.13	1.941380396908794e-5
4.14	2.1934047123500315e-6
4.15	-3.15823003200713e-5
4.16	-3.181128263507848e-5
4.17	0.00013062949386299572
4.18	3.7878594343352724e-5
4.19	1.70802888412092e-5
4.2	-4.549554333881605e-5
4.21	2.037852830413636e-5
4.22	7.053924979511674e-5
4.23	0.0001062109178577998
4.24	0.00010455776556638949
4.25	5.32530520262124e-5
4.26	4.834329824344558e-5
4.27	4.686329151107813e-5
4.28	6.279379393223521e-5
4.29	6.184269343477723e-5
4.3	-2.057556666805671e-5
4.31	1.0157065340838809e-6
4.32	9.104925845585093e-5
4.33	8.46917018166663e-5
4.34	-6.872231101501628e-6
4.35	6.936577111070783e-10
4.36	-7.292752821794466e-5
4.37	-7.823317152724215e-5
4.38	-8.270838591211495e-5
4.39	-0.0001593687021519018
4.4	-0.00010677807725901287
4.41	-4.944558523586015e-6
4.42	0.00011194578314858541
4.43	5.476058078711771e-6
4.44	2.287400356754713e-5
4.45	-5.4804567583018914e-5
4.46	2.083041740924624e-6
4.47	5.2937149590259354e-5
4.48	4.540067962427693e-5
4.49	0.0001292670551206324
4.5	0.00010541420085471797
4.51	0.0001290288135907855
4.52	0.00010407331711075835
4.53	0.00013047200177123314
4.54	0.00013565021966403516
4.55	0.00010770782171149508
4.56	2.645734572806756e-9
4.57	2.9062576409650022e-5
4.58	-6.534302429514968e-6
4.59	2.57588465778524e-5
4.6	-1.0928154578169947e-5
4.61	1.2645904577252213e-5
4.62	-3.2592712737988125e-5
4.63	-4.365022780707445e-5
4.64	-6.835571231697992e-6
4.65	-6.798898938127084e-5
4.66	-3.788356573522712e-5
4.67	-1.5475209361051695e-5
4.68	-2.8327353911403633e-5
4.69	-7.423471052514895e-7
4.7	3.735552514392216e-5
4.71	5.5260682440626155e-5
4.72	3.7637000403870106e-5
4.73	-1.5549471261129444e-5
4.74	3.6353728381988455e-5
4.75	0.00011316123566538293
4.76	9.756530029160622e-5
4.77	5.720572602074136e-5
4.78	9.622693145638942e-5
4.79	0.0001331070269822086
4.8	4.4931448516201895e-6
4.81	-6.6760444784875e-5
4.82	-4.9164783927532323e-5
4.83	-0.00013039447993306536
4.84	-0.00012458175342126504
4.85	-0.000180011003230298
4.86	-2.5953174802815513e-5
4.87	8.051235702723375e-5
4.88	-1.1070211243856353e-5
4.89	0.0001220944509101671
4.9	0.0001349007030267106
4.91	5.577636302789538e-5
4.92	3.0005593394584905e-5
4.93	2.0614989578965195e-5
4.94	9.57565339396746e-5
4.95	6.712108312701491e-5
4.96	0.00010738771334682988
4.97	7.86042808040107e-5
4.98	1.4946316407601443e-5
4.99	-1.0360367236466023e-5
5.0	5.4189630592542314e-5
5.01	9.323161474201783e-7
5.02	1.3659377343307538e-5
5.03	8.409854819504115e-5
5.04	0.0001255197777985877
5.05	0.00013014631459200813
5.06	3.054777202879719e-5
5.07	7.480154260312013e-5
5.08	0.00019899566862910872
5.09	0.00010592239086471842
5.1	4.413410513584627e-5
5.11	-3.943210256078313e-5
5.12	-4.0434039694506755e-5
5.13	-9.001309184586656e-5
5.14	-0.00011771041590069252
5.15	-7.429503294438173e-5
5.16	-2.685103841292927e-5
5.17	-3.7218776825256026e-5
5.18	-2.6294533330373292e-5
5.19	-0.00011033916544584267
5.2	7.950600110831065e-5
5.21	0.0001196763124475907
5.22	6.405123796099288e-5
5.23	0.00014425406107146043
5.24	0.0001524943011564822
5.25	0.00015523761861545275
5.26	0.0002177698903925295
5.27	0.0001321887609441352
5.28	3.88579542458711e-5
5.29	5.990514384246967e-5
5.3	2.127153987485634e-5
5.31	-6.799523452339165e-5
5.32	-8.645278634647679e-5
5.33	-0.00011160216375792322
5.34	-0.00011330265105291978
5.35	1.679419328566776e-5
5.36	7.503646572743502e-5
5.37	0.00014356477106393142
5.38	5.2731485235391026e-5
5.39	-7.184736782067537e-5
5.4	1.554286865434015e-5
5.41	-0.00012810218666760848
5.42	-0.00010581674197797073
5.43	-0.00010090715747861293
5.44	-0.00012963872103175157
5.45	-0.00011490926767298148
5.46	-0.00012256726709738866
5.47	-0.00013341144448086195
5.48	-0.00017470515763708938
5.49	-0.0001804380232785263
5.5	-0.00010822909731331155
5.51	-4.45457508186209e-6
5.52	-2.8773853012591887e-5
5.53	-0.00019805555154532692
5.54	-0.0001469924593663232
5.55	-0.00016437006753477153
5.56	-6.037640540708944e-5
5.57	-1.4443253836087373e-5
5.58	-3.551949350375229e-5
5.59	3.5092631321863584e-6
5.6	-6.995564344800819e-5
5.61	-6.15060848236012e-5
5.62	2.6172481369770236e-5
5.63	-3.817543300126089e-5
5.64	-7.327131274130251e-5
5.65	1.7989495577437648e-5
5.66	5.836306319689412e-5
5.67	5.303410903597005e-5
5.68	6.44285220503636e-5
5.69	2.058570751277074e-5
5.7	-6.722126139124797e-5
5.71	-1.937122341956617e-6
5.72	1.4686264970525296e-5
5.73	2.1717966527972754e-5
5.74	9.131628668184886e-5
5.75	2.399750682836663e-5
5.76	1.3582396774429748e-5
5.77	9.716403176961623e-5
5.78	0.00011466719285304922
5.79	6.351402565771681e-5
5.8	3.741651124610083e-5
5.81	-3.5628862618342627e-5
5.82	3.963058701845316e-6
5.83	-2.6793821656127528e-5
5.84	-8.758927799103641e-6
5.85	5.770626803092548e-5
5.86	1.0495340998281795e-5
5.87	-5.252198050649495e-5
5.88	1.4938404026910785e-6
5.89	-5.9478356878583904e-5
5.9	-7.682878305967093e-5
5.91	-8.43490198821423e-5
5.92	-5.7777664632079054e-5
5.93	-2.304624111469685e-5
5.94	-3.072159255153526e-5
5.95	-0.0001588797770428456
5.96	-0.00024807423040294025
5.97	-0.00018383879080369062
5.98	-0.00011322479719348853
5.99	-7.942452477895041e-5
6.0	-4.1173488865773485e-5
6.01	-5.712844615113814e-6
6.02	-0.00010342677410552516
6.03	-0.0001462384906218645
6.04	-0.00017610585215444967
6.05	-0.0001122610905286638
6.06	-6.0494262336853474e-5
6.07	-6.722776198913695e-5
6.08	-1.8023664974360607e-5
6.09	8.686308111329807e-5
6.1	5.954759061903939e-5
6.11	-9.076564183005585e-6
6.12	4.791939400264573e-5
6.13	-7.898581207718116e-6
6.14	9.318260123985829e-5
6.15	0.00012917572605615678
6.16	0.00013687147180637083
6.17	0.000151525958896658
6.18	0.00019762448017491557
6.19	6.754220539004573e-6
6.2	-1.5057243823877756e-5
6.21	3.616701460037599e-5
6.22	1.6502158811484287e-5
6.23	9.900107136062801e-5
6.24	5.6896217375857046e-5
6.25	-1.7892641714426659e-6
6.26	7.519523478675719e-7
6.27	-1.81899778004282e-5
6.28	-2.954530208034253e-5
6.29	3.1392413594949644e-5
6.3	-2.474163019965202e-5
6.31	-1.3899459729526e-6
6.32	-0.0001176950566117034
6.33	-0.00020226403380650134
6.34	-0.00011221232683533941
6.35	-0.0001297538001104073
6.36	-5.115452804385906e-5
6.37	-5.278920095392638e-5
6.38	-2.2433811721498154e-5
6.39	-1.8143540144019507e-5
6.4	-5.667281439272994e-5
6.41	8.889175678300683e-5
6.42	6.965137716933286e-5
6.43	0.0001524093853108667
6.44	7.304722008764819e-5
6.45	8.123904447278231e-5
6.46	1.22528471439052e-5
6.47	-1.9347430659371445e-5
6.48	-4.7890418149186694e-5
6.49	-8.258278458551963e-5
6.5	-7.772802610544262e-5
6.51	7.757030512747096e-6
6.52	1.1254614092286192e-5
6.53	0.00014303633428205416
6.54	5.988646360111204e-5
6.55	0.00010355833634731288
6.56	5.285953534643922e-5
6.57	0.00013475727904884864
6.58	8.427412803279324e-5
6.59	4.9150838516364716e-5
6.6	2.8344219423504047e-5
6.61	0.00012173843854127638
6.62	-7.738402451054503e-6
6.63	-4.280090403507056e-6
6.64	2.4980899010102942e-5
6.65	4.22527364615492e-5
6.66	-1.629842754936473e-5
6.67	1.711158744176973e-5
6.68	4.3113669001942466e-5
6.69	-4.3724678960351236e-5
6.7	-6.461885674057507e-5
6.71	2.8224380373087112e-5
6.72	3.747231945084221e-5
6.73	0.00010945091116392151
6.74	0.00014571040407329103
6.75	0.0001640883040071525
6.76	0.00011715121805463002
6.77	0.0001419381151915834
6.78	3.427457925022644e-5
6.79	1.6537226346683625e-5
6.8	-2.0189315207325355e-5
6.81	0.00011790612309630015
6.82	0.0001775093203744222
6.83	0.00012040974190449383
6.84	5.5080330422496575e-5
6.85	-6.033508523350486e-6
6.86	1.4480794346598883e-5
6.87	4.6543361853385436e-5
6.88	-2.1877651278850464e-6
6.89	-9.104792312224313e-5
6.9	-9.776833273035662e-5
6.91	-8.051640608039473e-5
6.92	-3.460592324592813e-5
6.93	-6.669436143135985e-5
6.94	-0.00010419391118577311
6.95	-0.00021327057855501888
6.96	-0.00020863915300740502
6.97	-0.00011706867835470949
6.98	-0.00015630422978587822
6.99	-0.00022497247225316923
7.0	-0.00021572520902565716
7.01	-0.00022804134166520094
7.02	-0.0002459332632916181
7.03	-0.00012321409068825922
7.04	-0.00015616455226367655
7.05	-0.00017775808190425633
7.06	-0.0002780244637327585
7.07	-0.00022703802342456667
7.08	-0.00020378673116072923
7.09	-0.00019684573412966213
7.1	-0.00015987428722418544
7.11	-9.86066416057009e-5
7.12	-4.6667886416246826e-5
7.13	-0.00013700924959335754
7.14	3.499129443374604e-5
7.15	5.6958116182055044e-5
7.16	-9.144010719606012e-6
7.17	-1.748999453476439e-7
7.18	-1.7246151955246784e-5
7.19	-0.00010542949778315875
7.2	-4.629146763612302e-5
7.21	3.788639736952206e-5
7.22	6.707092332385191e-5
7.23	-1.4811655614200561e-6
7.24	-1.5488570180690563e-5
7.25	7.82902789810559e-5
7.26	5.3906556343494204e-5
7.27	0.0001242036541853718
7.28	0.00013985549846250755
7.29	7.02708862578841e-5
7.3	0.00013272847220062518
7.31	0.00012795651114344106
7.32	0.00020967302885898376
7.33	0.00011205669868352083
7.34	0.00015840153918134417
7.35	0.00023900492057797685
7.36	0.00021039719481859913
7.37	0.00017793192580088158
7.38	-3.639192715837205e-6
7.39	9.767238716290556e-5
7.4	0.000135305931878315
7.41	8.446786240280234e-5
7.42	0.00017688196371032645
7.43	0.00011434749298821306
7.44	8.254364252954342e-5
7.45	6.0242232278522056e-5
7.46	7.754538038303729e-5
7.47	9.421005760174506e-6
7.48	2.3241857913269583e-5
7.49	-6.885922495275759e-5
7.5	-0.00011795271072035962
7.51	-0.00013223589523271494
7.52	-1.2577787170128027e-5
7.53	4.433733799840096e-5
7.54	-5.595081418948162e-5
7.55	5.071807828077202e-6
7.56	-4.3349480553954913e-5
7.57	-0.00011263341004049703
7.58	-2.1965776344995144e-5
7.59	3.161838298573481e-5
7.6	4.067222119747973e-5
7.61	-7.678343963439201e-5
7.62	-3.053489849379393e-5
7.63	7.5597526403289395e-6
7.64	1.081142650478354e-5
7.65	-2.932038130521427e-6
7.66	6.087485638468473e-5
7.67	-6.942635203054581e-5
7.68	-8.884341377111414e-5
7.69	-0.00011967240861974953
7.7	-5.82125676746627e-5
7.71	3.5421772046611454e-5
7.72	7.994469709223739e-5
7.73	2.197920485832503e-5
7.74	-0.000131867539911997
7.75	-9.519034837260845e-5
7.76	-7.221519656972219e-6
7.77	-7.077627395567999e-5
7.78	-0.00012308075108356082
7.79	-0.00010051777229532888
7.8	-0.00012212318783008566
7.81	1.2778071414054995e-5
7.82	2.9546544981576663e-5
7.83	-9.407438382352556e-6
7.84	-1.2558774746615614e-5
7.85	-0.00017882096426406508
7.86	-0.00016265147308466195
7.87	-0.00014484750029493526
7.88	-0.00010642053408887827
7.89	-0.00011276892171935358
7.9	-0.00017202879214762198
7.91	-0.0001845690091796742
7.92	-6.650953606689309e-5
7.93	-7.632488858268954e-6
7.94	-1.8512682888262043e-5
7.95	6.556662197189876e-5
7.96	1.7259844221279277e-5
7.97	-6.29691683375303e-5
7.98	2.694152777808357e-5
7.99	6.557510851560557e-5
8.0	3.7394205384661706e-5
8.01	8.721792790248367e-5
8.02	0.00010322658998889908
8.03	5.3098146896247484e-5
8.04	4.023002000441212e-5
8.05	-0.00012204321589858216
8.06	-7.50550446811111e-5
8.07	-2.7525511414795588e-5
8.08	-8.207740109979048e-6
8.09	-3.5508082249610544e-5
8.1	3.548868712727341e-5
8.11	2.757379075146031e-5
8.12	0.00011180909788619775
8.13	5.4119587882445207e-5
8.14	8.46448599445545e-6
8.15	1.861241940797456e-5
8.16	-3.8006437505984676e-5
8.17	-5.823423875742911e-5
8.18	-0.00012055682600721097
8.19	-0.00010542499392804028
8.2	-3.5850655857435646e-5
8.21	-6.846758864819562e-5
8.22	-2.7023010319155658e-5
8.23	-1.5996253735137282e-5
8.24	-7.489815663153785e-5
8.25	-2.9746991205621636e-5
8.26	-2.4288167599354715e-6
8.27	4.83938417044386e-5
8.28	3.849602124511635e-5
8.29	0.00013413590742143204
8.3	0.00014223924917951887
8.31	0.00011122493788745007
8.32	1.980061472459533e-5
8.33	2.032793978935246e-5
8.34	6.097272914062205e-6
8.35	5.128394367781263e-5
8.36	4.967391861455815e-5
8.37	2.996182330521991e-5
8.38	7.519996745132528e-5
8.39	7.88820262546868e-5
8.4	0.00010786150651333982
8.41	2.2117000343395964e-5
8.42	-3.448544378814258e-5
8.43	1.1526069746230695e-6
8.44	-4.646076479754678e-5
8.45	7.10663032121133e-6
8.46	-2.3075869231701903e-6
8.47	-1.5069956526733433e-5
8.48	3.248428554731752e-5
8.49	0.0001130043604751686
8.5	0.00012501152699359084
8.51	-3.189085286142803e-5
8.52	-3.165456744756229e-5
8.53	-3.290587905574441e-5
8.54	2.6761050086259626e-5
8.55	0.0001505197733867085
8.56	6.846367432757811e-5
8.57	3.7830138754883575e-5
8.58	5.43466791380933e-5
8.59	0.00011379873871058478
8.6	0.00010165043114994813
8.61	3.8107986017570184e-5
8.62	3.672472115611005e-5
8.63	-5.20045990052032e-5
8.64	-4.7820613809354967e-5
8.65	-6.770693599768132e-5
8.66	-3.1011639612224416e-5
8.67	-8.072256026771058e-5
8.68	-7.181220628107017e-5
8.69	-5.4086294490893893e-5
8.7	-6.181241224854406e-5
8.71	2.7038550092625247e-5
8.72	-5.071801787694105e-5
8.73	-2.7117709686164922e-5
8.74	9.655323648326455e-6
8.75	7.172607179930981e-5
8.76	-3.3275133549620794e-5
8.77	-5.155612908819562e-5
8.78	2.7588931829069622e-5
8.79	0.00010628018645942687
8.8	9.688247384566665e-5
8.81	0.00010149828352732724
8.82	6.929630922104586e-5
8.83	0.000138632380449637
8.84	5.6703727552392094e-5
8.85	9.75609553176899e-5
8.86	2.948761555412676e-5
8.87	0.0001393735904045074
8.88	9.909811030197576e-5
8.89	3.567485031814389e-5
8.9	-0.00013595970476654298
8.91	-6.086520349385253e-5
8.92	-4.4497867490496095e-5
8.93	-0.00013356091660480314
8.94	-0.00014570332364603481
8.95	-0.00010717060241366904
8.96	-7.629813241653864e-5
8.97	-3.4262588286557444e-6
8.98	2.6402160153364524e-5
8.99	1.7633963889506493e-5
9.0	3.4499856654491337e-6
9.01	-5.652299553346393e-6
9.02	1.6450135676843868e-5
9.03	-2.0192000843052457e-5
9.04	-1.704402993088676e-6
9.05	4.9672538365075794e-5
9.06	1.0379163053571379e-5
9.07	-1.6133371245462458e-5
9.08	-3.293160938941307e-5
9.09	-1.234772407977272e-5
9.1	-2.028112818970277e-5
9.11	-0.00010278695513394823
9.12	-4.2804323979028594e-5
9.13	-7.163827970059703e-5
9.14	-0.0001069547591870707
9.15	-7.690512278462358e-5
9.16	-8.295655902980239e-5
9.17	-0.0001282881875758739
9.18	-6.920252264576016e-5
9.19	6.455828539152806e-5
9.2	3.0387776237888683e-5
9.21	-2.1802100508598147e-5
9.22	3.8118231016808456e-5
9.23	-2.4407325649301486e-5
9.24	9.821550613084129e-5
9.25	3.626381855546994e-5
9.26	5.411259417895556e-5
9.27	0.00012086574242344342
9.28	5.9420795141510926e-5
9.29	0.00010082418497551724
9.3	0.00012558940729178692
9.31	7.609645526258315e-5
9.32	-4.531724944777393e-5
9.33	3.6687332747655546e-6
9.34	3.4486291727484205e-5
9.35	0.00010184167132236119
9.36	4.599172982058637e-5
9.37	3.27290229409505e-5
9.38	-7.802954212845262e-5
9.39	-6.898659028525987e-5
9.4	-0.00011429181585942096
9.41	-9.212232296820109e-5
9.42	-6.44060783257568e-5
9.43	-0.00015731775831483708
9.44	-0.0001011179688583188
9.45	-6.0485684712380525e-5
9.46	6.0776313379933e-7
9.47	7.433427401318295e-5
9.48	0.00012941895525173743
9.49	9.522296492870822e-5
9.5	8.277240330866338e-5
9.51	5.0350801032576875e-5
9.52	-4.2619850937891696e-5
9.53	-1.318392983318731e-5
9.54	-5.495261445964331e-5
9.55	-8.326538429757205e-5
9.56	-3.7376908609701684e-6
9.57	4.4799999128464475e-5
9.58	0.00010710893891382534
9.59	0.00015299240338805586
9.6	9.002218222573485e-5
9.61	1.7274652959945086e-5
9.62	4.5685084935524746e-5
9.63	5.653091148909484e-5
9.64	-3.964322631693452e-5
9.65	-0.00010113662598919383
9.66	8.004815775646455e-6
9.67	-7.24919177840242e-5
9.68	4.61006576862005e-5
9.69	7.073334182850755e-5
9.7	6.852384879988572e-5
9.71	3.3435276626347514e-5
9.72	1.1139907162561514e-5
9.73	4.910043863032381e-5
9.74	-1.1621039745874895e-5
9.75	1.1898126709149966e-5
9.76	-2.1864312057390276e-5
9.77	7.304885637576806e-6
9.78	5.4589706544035696e-5
9.79	0.00012949655169378643
9.8	0.00021028592864979362
9.81	0.0002702478060920794
9.82	0.00018419178042405017
9.83	0.00020136993908855514
9.84	0.00010377721964221757
9.85	0.00018077331255305504
9.86	0.0001961811288802121
9.87	0.00017329852690122375
9.88	0.0001967292978208519
9.89	0.0001283258323197017
9.9	0.0001731619911348621
9.91	5.139756909395487e-5
9.92	-5.887751927747084e-6
9.93	-5.990261773132598e-6
9.94	-1.973664697068451e-5
9.95	-1.5760746236878655e-5
9.96	2.6849132496409877e-5
9.97	4.001125891188168e-5
9.98	6.740639173755015e-5
9.99	1.5756429917302448e-5
10.0	-1.6230461588078133e-5
10.01	0.0001026007236157695
10.02	0.0003183912629242365
10.03	0.0006200297328689578
10.04	0.0008823731243958026
10.05	0.0012800096617273575
10.06	0.0016709263376702243
10.07	0.001970052275464652
10.08	0.0022991925176893634
10.09	0.002776566938558766
10.1	0.0031924691846668195
10.11	0.003574954596422032
10.12	0.003992949666539085
10.13	0.004533228165783717
10.14	0.004906840473988142
10.15	0.005404513890905056
10.16	0.005736158356690205
10.17	0.006092314512245687
10.18	0.006554759349348298
10.19	0.006981306441835031
10.2	0.007382100808568637
10.21	0.007720425795065372
10.22	0.008118171950585782
10.23	0.008430846458285917
10.24	0.008835578621633774
10.25	0.009141510789845925
10.26	0.009440105051454033
10.27	0.009783149424299066
10.28	0.010186066776351397
10.29	0.010467238934861015
10.3	0.010777546229142926
10.31	0.011110237496201554
10.32	0.011448247715252454
10.33	0.011685620194492829
10.34	0.01198146275752529
10.35	0.012154562892705943
10.36	0.012325069473610329
10.37	0.012543597485664824
10.38	0.012824385615142313
10.39	0.013106446986618336
10.4	0.013390588454819434
10.41	0.013694516611896386
10.42	0.013873592920368315
10.43	0.014050863587405808
10.44	0.014182995546277317
10.45	0.01455925216826132
10.46	0.014654265546296228
10.47	0.01488515604408553
10.48	0.015108786340416534
10.49	0.015343653238470353
10.5	0.01571575617041055
10.51	0.01598195235104684
10.52	0.016229311177527066
10.53	0.016343449412174412
10.54	0.016537335037100823
10.55	0.01671463010497503
10.56	0.01690300150189516
10.57	0.016955499070062302
10.58	0.017112932283414893
10.59	0.01723032632835911
10.6	0.017353623674283596
10.61	0.01757093227596026
10.62	0.01779857808855095
10.63	0.017810091254090922
10.64	0.017864026536861834
10.65	0.01809679956697125
10.66	0.018122187404046985
10.67	0.018237687987984356
10.68	0.01838021954614307
10.69	0.0185581726405044
10.7	0.018658211866111114
10.71	0.018718374274727147
10.72	0.018837763859119193
10.73	0.018939761237024337
10.74	0.01909676342490784
10.75	0.019222078439315213
10.76	0.019351808255596795
10.77	0.01943467242792334
10.78	0.019410164629088133
10.79	0.019499884303382238
10.8	0.019454927576990216
10.81	0.01951440820652984
10.82	0.01962541166955283
10.83	0.01980293194182916
10.84	0.01998206883711159
10.85	0.02007997304813927
10.86	0.02019185084916641
10.87	0.02030835824620283
10.88	0.020406552564318666
10.89	0.02052375581276939
10.9	0.020452882397602717
10.91	0.020485315433390754
10.92	0.020415736962621816
10.93	0.02055162467749285
10.94	0.020647067910288003
10.95	0.020676181630644035
10.96	0.020823570912439155
10.97	0.020943992887126273
10.98	0.02104627322370156
10.99	0.02109642320636824
11.0	0.021159138657010933
11.01	0.02125627225964647
11.02	0.021259595181888725
11.03	0.021262832537047895
11.04	0.02128171286415637
11.05	0.021329192995643422
11.06	0.021346422237614546
11.07	0.021364431940970766
11.08	0.021405041608450855
11.09	0.021540981272948963
11.1	0.021611814346303087
11.11	0.021693763954556893
11.12	0.021763129277724568
11.13	0.02172306471741124
11.14	0.02180827759925686
11.15	0.02185877013063312
11.16	0.021900048703141134
11.17	0.021927645566663587
11.18	0.021927389017401207
11.19	0.021909694844765622
11.2	0.021973442300189282
11.21	0.021989395220405474
11.22	0.02203539936617383
11.23	0.022051897359304868
11.24	0.022175343002566496
11.25	0.022153913763902397
11.26	0.022132521209734156
11.27	0.022182726143455084
11.28	0.022291622899091264
11.29	0.02227765251629123
11.3	0.022365452761258734
11.31	0.02237602006424312
11.32	0.022363314492102215
11.33	0.022398482554140692
11.34	0.02234611637525882
11.35	0.022281893171088078
11.36	0.02227346946536773
11.37	0.02225271834152028
11.38	0.02241811512572079
11.39	0.022449502593142975
11.4	0.022560176774984658
11.41	0.02246150605417152
11.42	0.02245310964196626
11.43	0.02256085490945275
11.44	0.022552536996350365
11.45	0.022620878972992135
11.46	0.0227352131107533
11.47	0.022725606920695068
11.48	0.022788355541250544
11.49	0.022680887133573923
11.5	0.022710184144449606
11.51	0.022815026236451062
11.52	0.022787382079612686
11.53	0.022787771603705015
11.54	0.02290319487771804
11.55	0.02286871858054261
11.56	0.022761006981849203
11.57	0.022727629063368497
11.58	0.02278756857873191
11.59	0.022718319574577855
11.6	0.022830628187375964
11.61	0.02290812196724838
11.62	0.02294650330263354
11.63	0.022915039547748924
11.64	0.022933221215061354
11.65	0.022851311077720805
11.66	0.022910067495374737
11.67	0.02302721585740555
11.68	0.023071798958565502
11.69	0.023173414643646504
11.7	0.023186234847425224
11.71	0.023177175151032882
11.72	0.0230863108711261
11.73	0.023109964207228197
11.74	0.02306494402488645
11.75	0.023051143993928658
11.76	0.0230010381655333
11.77	0.023030169001488496
11.78	0.023073941138145215
11.79	0.023125403345171592
11.8	0.023142183103687385
11.81	0.023143571387792314
11.82	0.023093061781426297
11.83	0.023102205617038317
11.84	0.023148066763640323
11.85	0.02312084839300906
11.86	0.023230605451109915
11.87	0.023277195263583173
11.88	0.02317722718843237
11.89	0.02317099307725211
11.9	0.023163247371103462
11.91	0.023153944068047952
11.92	0.02313792532851943
11.93	0.02305392368068124
11.94	0.02311616830206994
11.95	0.023071347997297244
11.96	0.023062528323944745
11.97	0.023047203607652385
11.98	0.023019767996478844
11.99	0.023080477220252534
12.0	0.02302461974947422
12.01	0.023019049368960192
12.02	0.023108059543547152
12.03	0.023105928601352244
12.04	0.023107526240656262
12.05	0.02317319372425799
12.06	0.02318793159813589
12.07	0.023138781349459545
12.08	0.02316879191365067
12.09	0.02321436510500107
12.1	0.023182514869630313
12.11	0.02325457631422695
12.12	0.02326058416387231
12.13	0.02325156750442733
12.14	0.023340999928409503
12.15	0.023391853841287384
12.16	0.023422454032213602
12.17	0.023442142274183134
12.18	0.02344114484488003
12.19	0.023445743925253726
12.2	0.023490459232091927
12.21	0.023539979736872284
12.22	0.023433570674680493
12.23	0.023364175468810776
12.24	0.02334828049444664
12.25	0.023446241891046302
12.26	0.02346906404968917
12.27	0.02337687323996551
12.28	0.023415133302517648
12.29	0.023500666521099386
12.3	0.023466098319411703
12.31	0.02337354365536722
12.32	0.023375165510546247
12.33	0.023305666714301794
12.34	0.023328634646220918
12.35	0.023334302944758762
12.36	0.023312520050042154
12.37	0.023267399632895275
12.38	0.0232586319790982
12.39	0.023292007816468247
12.4	0.023278982978860656
12.41	0.023448015833767447
12.42	0.023396439198096603
12.43	0.023328655135252972
12.44	0.02317331468586084
12.45	0.023188387018887008
12.46	0.023189415935138884
12.47	0.023177446637189333
12.48	0.02318537522625154
12.49	0.023298167296142147
12.5	0.023261709940942187
12.51	0.023200160706411316
12.52	0.023251250856518545
12.53	0.023157664396012457
12.54	0.023232739527417025
12.55	0.0231948027327627
12.56	0.023158824388512952
12.57	0.023263983532243446
12.58	0.02334218283809792
12.59	0.023338700770265175
12.6	0.02329461120109895
12.61	0.023301217792171376
12.62	0.023293786361898883
12.63	0.023364831393309693
12.64	0.02333257480324407
12.65	0.023367915741217903
12.66	0.023462794678316672
12.67	0.02348209661049336
12.68	0.023460913162997032
12.69	0.023546119236454256
12.7	0.023553992465503253
12.71	0.02358061861085341
12.72	0.023596335895364886
12.73	0.023549631513805888
12.74	0.023511065732793823
12.75	0.023420620791697377
12.76	0.023335267120819986
12.77	0.023285411723406497
12.78	0.023339528914923236
12.79	0.02324890137641289
12.8	0.023335629683993057
12.81	0.02336318153489585
12.82	0.023299619458044468
12.83	0.023311155794611245
12.84	0.023370925537937685
12.85	0.023364575222333178
12.86	0.023324855981440278
12.87	0.023330380943940573
12.88	0.023395022597468413
12.89	0.023433111863153472
12.9	0.023548560781877934
12.91	0.023509973138773926
12.92	0.023546196426498658
12.93	0.023406908997062863
12.94	0.02330313737351385
12.95	0.023189631717704197
12.96	0.02330548984156989
12.97	0.023358892727734643
12.98	0.023347270808458363
12.99	0.02331885895394683
13.0	0.023270377703429664
13.01	0.023415638075893357
13.02	0.023399158255191253
13.03	0.023397144026369904
13.04	0.023489207060412663
13.05	0.023574852989143944
13.06	0.023550866220676977
13.07	0.023591066674912165
13.08	0.023508458831397572
13.09	0.02359083913012497
13.1	0.023554182005554557
13.11	0.023572936387986118
13.12	0.023563940198736394
13.13	0.02351088348986978
13.14	0.023595738993929062
13.15	0.023542505552314873
13.16	0.02350200078801883
13.17	0.023392256068047908
13.18	0.023355301777481078
13.19	0.023344550638763742
13.2	0.023456101007051183
13.21	0.02342878219332538
13.22	0.023409811739168583
13.23	0.023382840290150655
13.24	0.023437786530259578
13.25	0.023485259749091755
13.26	0.02353587405041354
13.27	0.023514926080743855
13.28	0.023478339686888557
13.29	0.023439027607313274
13.3	0.023463400111667868
13.31	0.02343404172511601
13.32	0.02340059209691441
13.33	0.023415155855843663
13.34	0.023375773891909212
13.35	0.023396566923845532
13.36	0.023436812271957822
13.37	0.02349005218749431
13.38	0.023447821912622905
13.39	0.023449269134251622
13.4	0.02336049115734443
13.41	0.023391938713890604
13.42	0.0233847167503708
13.43	0.023334754186424538
13.44	0.023349494868313576
13.45	0.023407889711564597
13.46	0.023359394092035697
13.47	0.023437622635623215
13.48	0.02338729652266436
13.49	0.023396527686777666
13.5	0.023457641925112734
13.51	0.023446785030690243
13.52	0.023444843776488145
13.53	0.023510426394485584
13.54	0.023522020994592704
13.55	0.023428146146767064
13.56	0.02336898051082069
13.57	0.023504751084510698
13.58	0.023448775242278383
13.59	0.02342158369791797
13.6	0.023291769433673042
13.61	0.02327955805975613
13.62	0.023268157898865466
13.63	0.023236382282592127
13.64	0.02327424371685335
13.65	0.02325224585879521
13.66	0.023270715925629078
13.67	0.0234387011294039
13.68	0.02339485163815716
13.69	0.023307412527079657
13.7	0.023346964718636096
13.71	0.023343360120724337
13.72	0.023332451135938674
13.73	0.02345749236358852
13.74	0.023403542595388453
13.75	0.02339083027665949
13.76	0.02332037115588658
13.77	0.02332255278583692
13.78	0.023325825436445558
13.79	0.02334379212338883
13.8	0.02332720870037629
13.81	0.023326623758158502
13.82	0.02323162510616285
13.83	0.02333542238613217
13.84	0.02328812295989498
13.85	0.023329309047673708
13.86	0.02339025461159948
13.87	0.023373460186827746
13.88	0.02338047616227302
13.89	0.02347067531402206
13.9	0.023496340799200405
13.91	0.023502685552795805
13.92	0.023344694525256917
13.93	0.02332208764607213
13.94	0.02338389589814931
13.95	0.023356449374379574
13.96	0.023378444673693266
13.97	0.023325455864617515
13.98	0.023351916504432274
13.99	0.023380709460461217
14.0	0.023412982479409226
14.01	0.02296109783359952
14.02	0.022241277086453164
14.03	0.021409293679531063
14.04	0.020340906380716773
14.05	0.019387067793486694
14.06	0.018294455906523715
14.07	0.017175119503762347
14.08	0.01606134360116792
14.09	0.014936992408148787
14.1	0.013990107658340186
14.11	0.012876645786065915
14.12	0.011864657522757522
14.13	0.011017048476688171
14.14	0.010125817549912547
14.15	0.009334561113336394
14.16	0.00871151020726121
14.17	0.007994656775393611
14.18	0.007365811906533806
14.19	0.006806607965932499
14.2	0.006244235717598297
14.21	0.005701535915969455
14.22	0.005250920535991692
14.23	0.004651046213450821
14.24	0.004304831836164428
14.25	0.003946714503966853
14.26	0.0036291343954910934
14.27	0.003361112372262988
14.28	0.003005284369640583
14.29	0.0027075764875742064
14.3	0.0025179700404607866
14.31	0.0023111315323836074
14.32	0.0022050969192599222
14.33	0.0020653437548768215
14.34	0.0018255442226901553
14.35	0.0016762358354078825
14.36	0.0015651503355325472
14.37	0.0014410649092761098
14.38	0.0013868596658800116
14.39	0.001204518917937094
14.4	0.0011019399504282972
14.41	0.0009238080298016553
14.42	0.0008515817591329356
14.43	0.0007704411776433992
14.44	0.0008110105693848475
14.45	0.0007713776546165731
14.46	0.0007295607359460833
14.47	0.000670429616299495
14.48	0.0006071192329739176
14.49	0.0005476089765795779
14.5	0.0005178431874746699
14.51	0.0005546615976014463
14.52	0.0005458080803961154
14.53	0.0005220508546166301
14.54	0.0006049665040519312
14.55	0.0005601670118963724
14.56	0.00048142111812657335
14.57	0.00036145969048664693
14.58	0.0003308098609582089
14.59	0.00035585442683789046
14.6	0.00040088139179228504
14.61	0.00036379944664636344
14.62	0.0003202992632731067
14.63	0.0002751737680599383
14.64	0.0003181325477530314
14.65	0.0003359046034270487
14.66	0.0002301437280571859
14.67	0.0001330858110043848
14.68	0.00010779352888050884
14.69	0.00014439458728451556
14.7	5.8307407066336885e-5
14.71	6.729446014293055e-5
14.72	0.00019457701671600806
14.73	0.00026157794306055026
14.74	0.00012615146602612765
14.75	3.89605920409567e-5
14.76	3.0779030136877984e-7
14.77	-7.447557525392214e-5
14.78	-0.00010307635803583026
14.79	-4.418745415641878e-5
14.8	-3.537110153141563e-5
14.81	5.4206418096204375e-5
14.82	0.00012475425371940644
14.83	0.00015465379756294034
14.84	9.68387674510905e-5
14.85	2.8278817877253823e-5
14.86	9.563127739196804e-5
14.87	0.00015393203063731562
14.88	-2.5733012239021783e-5
14.89	5.4096861271619255e-5
14.9	5.6881968874342564e-5
14.91	2.9362246885503293e-6
14.92	1.4818366109531447e-5
14.93	0.00011109114015242237
14.94	3.8668468799497035e-5
14.95	6.838654970016132e-7
14.96	-4.561074774738778e-5
14.97	-7.312222931492426e-5
14.98	-0.00018465749283758855
14.99	-0.00019546594799704013
15.0	-4.861884485964088e-5
15.01	-6.556901150665427e-5
15.02	-6.349901816868991e-5
15.03	1.782249794737338e-5
15.04	5.9192657374296096e-5
15.05	9.933842931922294e-5
15.06	3.363575895923649e-5
15.07	2.7715504756800733e-6
15.08	-1.549030595813553e-5
15.09	3.042051784825423e-5
15.1	5.451998015555775e-5
15.11	3.7417748926713856e-5
15.12	3.975976530788305e-5
15.13	-3.0970290876115156e-5
15.14	-2.9355056272589635e-5
15.15	6.60953424463706e-5
15.16	0.00018631431884493782
15.17	0.0002240310112522635
15.18	0.00010875436603251147
15.19	0.00020249346682126634
15.2	0.00017791568927608915
15.21	0.000200937183508169
15.22	0.00016525525788200132
15.23	9.974378566863698e-5
15.24	0.00013371202416332572
15.25	0.00011228833783347085
15.26	2.091178687025933e-5
15.27	-4.766683747133141e-5
15.28	-5.612726400780577e-6
15.29	3.907944314292956e-5
15.3	5.7394575803520735e-5
15.31	2.5313024223651923e-5
15.32	-1.60567597218575e-5
15.33	6.202826953709436e-7
15.34	4.5854329710653363e-5
15.35	0.0001023252687308313
15.36	0.00016917876479607058
15.37	3.4414067984162705e-5
15.38	-2.4241681036641066e-5
15.39	-4.2497679163283565e-5
15.4	-2.4107164910262803e-6
15.41	-7.471963474013022e-5
15.42	-9.395642053297264e-5
15.43	-0.00012697743125428162
15.44	-0.00012395198885693472
15.45	-0.00013710074173718025
15.46	-0.00013967770515639527
15.47	-6.46932199935488e-5
15.48	-1.7553543843537993e-5
15.49	-3.530818563501302e-6
15.5	-4.442526461536746e-5
15.51	3.8142680619457355e-5
15.52	1.643817402080075e-5
15.53	8.689302013304269e-5
15.54	0.00016036970301435823
15.55	0.00012957849409979822
15.56	0.00021270736360053984
15.57	0.0002455764152190655
15.58	0.00019699432211343383
15.59	0.00015606260936328696
15.6	0.0001661189942694322
15.61	0.00021697129887352976
15.62	0.00014337170147469904
15.63	6.994344493702181e-5
15.64	3.721114841199022e-5
15.65	4.19919149098988e-5
15.66	3.942752069316108e-6
15.67	2.776313983364223e-5
15.68	3.16410804641519e-5
15.69	-0.00011520756116032453
15.7	-0.00011627256864509697
15.71	-0.00011254326115794679
15.72	-2.108378331825691e-5
15.73	-3.1693989083604565e-6
15.74	0.00011007670279831119
15.75	8.204204456234177e-5
15.76	9.192476159595413e-5
15.77	0.00010980150105917123
15.78	0.00013948974077568395
15.79	0.00012184924271032703
15.8	7.92963320834335e-6
15.81	-9.038326333949727e-5
15.82	-6.085539750517132e-5
15.83	-5.467794763436957e-5
15.84	-7.63033766685818e-5
15.85	-0.00011167395928896425
15.86	-0.00020793885557365312
15.87	-0.00017056099689305147
15.88	-0.0002281118527543916
15.89	-0.0002671713675657575
15.9	-0.0001361639596824572
15.91	-6.419347521243979e-5
15.92	-5.1714896692771243e-5
15.93	-0.0001415721219177588
15.94	-0.0001402781261764496
15.95	-0.00010025471299410453
15.96	-4.653613274781972e-6
15.97	-6.868587882636346e-5
15.98	-8.372600539536462e-5
15.99	-0.00013635724782650163
16.0	-0.00022823229624167218
16.01	-0.00028760248147495255
16.02	-0.00015907315624068865
16.03	-0.00011961966156834502
16.04	-0.00013414962389345463
16.05	-0.00014934417972720072
16.06	-0.00014936799304655958
16.07	-0.0001483932722703676
16.08	-0.00019823050992222324
16.09	-0.00011440851091404778
16.1	-0.0001137210428348794
16.11	-8.66450418213587e-5
16.12	-0.0001571239341967233
16.13	-0.00013651532800002154
16.14	-0.00010504380960037406
16.15	-7.874559967640855e-5
16.16	2.3114179005318312e-5
16.17	9.4507438484164e-5
16.18	-2.55018291751342e-5
16.19	4.8269113180258854e-5
16.2	-3.325922461005266e-5
16.21	-0.00010148654401465071
16.22	-0.00013227091449706852
16.23	-0.0001443476449332349
16.24	-4.143042770161162e-5
16.25	2.6298975178602306e-5
16.26	6.430080141357296e-5
16.27	-9.819726845177808e-6
16.28	-2.077375470327865e-5
16.29	-0.00010039160054823112
16.3	-0.00016168089859095648
16.31	-0.0002484894665833261
16.32	-0.00018631777693150397
16.33	-0.00014148763200271973
16.34	-1.3834563550837504e-5
16.35	-1.4159403241453062e-5
16.36	7.581704443832099e-5
16.37	7.318280755743716e-5
16.38	9.040661643607898e-5
16.39	6.530888971025067e-5
16.4	0.00010135601820160493
16.41	9.658736403459468e-5
16.42	9.211032352586594e-5
16.43	7.26336306267153e-5
16.44	2.6138417281106366e-5
16.45	6.436348679221222e-5
16.46	-2.6478635112836508e-5
16.47	3.532991136382638e-5
16.48	0.00010645976248443732
16.49	0.0001324622874559406
16.5	8.017876683665675e-5
16.51	0.000178096358301041
16.52	0.00012732861731926966
16.53	0.00013533253837842398
16.54	9.718717441859307e-5
16.55	6.810474679295697e-5
16.56	5.0799110837989766e-5
16.57	8.689134952275012e-5
16.58	0.00013987583492304606
16.59	5.2768223318541855e-5
16.6	9.688385597426074e-5
16.61	5.409050998280074e-5
16.62	5.2340060537993845e-5
16.63	2.3990918980225046e-5
16.64	-6.340983840505994e-5
16.65	-0.00015869077837818682
16.66	-0.00011638094063306115
16.67	-5.720422690494726e-5
16.68	-9.123492021830465e-5
16.69	-0.0002056850099771594
16.7	-0.0001967718297117136
16.71	-0.0002731841987028912
16.72	-0.0002916104696822747
16.73	-0.00029435675285695555
16.74	-0.00028112153831920335
16.75	-0.0002449501403810951
16.76	-0.00032988378432106594
16.77	-0.0003119293782719235
16.78	-0.0003126839985554258
16.79	-0.00020793397165400104
16.8	-0.00019036830477729637
16.81	-0.0001335314951565707
16.82	-0.00013886475011091857
16.83	-5.455646696342955e-5
16.84	1.2107047739977252e-5
16.85	7.164362884426837e-5
16.86	-7.920881555455303e-5
16.87	-8.993376746517166e-5
16.88	1.889234564747379e-5
16.89	5.8284916474037996e-5
16.9	-2.6994519172751142e-5
16.91	-1.7224638031839547e-5
16.92	-7.570931077374364e-5
16.93	7.081139788466635e-5
16.94	-2.8359780216969394e-6
16.95	-3.933188812536789e-5
16.96	-1.0197322548520573e-5
16.97	-0.00010149766494706449
16.98	-9.678371133402957e-5
16.99	-0.00010830528453905923
17.0	-5.24941214711977e-5
17.01	-0.00010603970164828737
17.02	-8.937025425878102e-7
17.03	5.5058822641020334e-5
17.04	3.8100284790085114e-5
17.05	7.401071661733186e-5
17.06	6.0417356404014324e-6
17.07	-5.129157409702685e-6
17.08	-0.0001047769741527718
17.09	-0.00021808954653741727
17.1	-0.0001510240694460068
17.11	-8.908712194674937e-5
17.12	-0.0001583614478168761
17.13	-4.0261907411899445e-5
17.14	-2.2056630608436153e-5
17.15	3.3500326689498026e-5
17.16	5.997139917790739e-5
17.17	0.00013648406133473677
17.18	9.717272128839876e-5
17.19	-8.814029665869866e-7
17.2	-3.330707088068439e-6
17.21	-7.388179073055679e-5
17.22	1.8000625713927476e-5
17.23	5.2129719767946384e-5
17.24	7.218584403247237e-5
17.25	-1.909778071287955e-5
17.26	-4.374149122822361e-5
17.27	-9.482614173413177e-5
17.28	4.612621148488483e-5
17.29	0.00014486829775914032
17.3	-3.584609500753444e-5
17.31	-1.5182512781582283e-5
17.32	-3.209723347869189e-5
17.33	-4.316844541346801e-5
17.34	-4.76329444687905e-5
17.35	-1.817573714647429e-5
17.36	-4.962139343765117e-5
17.37	-2.5954442079879518e-5
17.38	0.00011883774405831733
17.39	0.0001281771044234936
17.4	0.0001437322601976222
17.41	4.0335198430939593e-5
17.42	-3.53830713183215e-5
17.43	-0.00011984567022931659
17.44	-0.00013598719804403455
17.45	-0.00014756735172489466
17.46	-2.198542236960554e-5
17.47	-5.268246562238257e-6
17.48	-7.004361423667188e-5
17.49	-0.00013231011574223642
17.5	-0.00014245723363464925
17.51	-6.345835560707012e-5
17.52	-7.213925073610326e-6
17.53	-4.2851440816610496e-5
17.54	-0.00010108864314978177
17.55	-0.00011687113018801454
17.56	-0.00010941328608987841
17.57	-0.0001340661000709853
17.58	-0.00010736536435934806
17.59	-6.969089697463972e-5
17.6	-0.00011870999932509637
17.61	-8.333289746116462e-5
17.62	-4.604679683671804e-5
17.63	-1.0051606709171473e-5
17.64	-8.539325167333515e-5
17.65	-0.00015618623424992151
17.66	-3.630567368162383e-5
17.67	1.738973627979877e-5
17.68	-2.1232876963909476e-5
17.69	1.1444309522100671e-5
17.7	4.682145771070962e-5
17.71	9.521443137123555e-5
17.72	9.547021856131426e-5
17.73	7.324860806579558e-5
17.74	0.0001390290486242781
17.75	8.225865050605793e-5
17.76	0.00013091718067102424
17.77	7.16585762967761e-5
17.78	2.2532015224664883e-5
17.79	0.00010437683708784
17.8	0.00011825962336522354
17.81	0.00014468093583149406
17.82	-2.4786022058082638e-5
17.83	1.9697269845160758e-5
17.84	4.354921611851305e-5
17.85	5.686295043287155e-5
17.86	2.4189589006792018e-5
17.87	7.019108865317308e-5
17.88	2.392475619051979e-5
17.89	7.247477374162173e-5
17.9	0.00010969540432864814
17.91	7.677362892361519e-5
17.92	8.411903813057235e-5
17.93	9.035088787149647e-5
17.94	3.4558167426193396e-5
17.95	3.2354964245266446e-5
17.96	5.0286947095163254e-5
17.97	-8.173129338684297e-6
17.98	2.2444375200595447e-5
17.99	4.356425355040286e-5
18.0	3.8347995575529776e-5
