0.0	0.00018618680009305794
0.01	-0.00020209117454621613
0.02	-0.0003569325147562675
0.03	-3.540103046574718e-5
0.04	0.0001442797562366147
0.05	-0.000620965459782038
0.06	0.0004070842818306155
0.07	-0.00023564266534003238
0.08	-9.584471480779927e-5
0.09	-0.00016007474767571302
0.1	2.1612191332284488e-5
0.11	-0.00027960357639314693
0.12	0.0006413690102142537
0.13	9.009956807634512e-6
0.14	0.0006686662268939848
0.15	0.00018005618729583403
0.16	-5.823708310872881e-5
0.17	-0.00035623780182923395
0.18	-9.37574224989321e-5
0.19	-0.0006984255562384465
0.2	-5.00559458783815e-5
0.21	-3.14212976291786e-5
0.22	0.00012247537703685484
0.23	-0.00035841966148567316
0.24	-0.00010952686541080031
0.25	-9.646032311546729e-5
0.26	-0.0004288891194833548
0.27	0.0004725710986224539
0.28	-0.0005126353130913247
0.29	-0.0004892724621317468
0.3	-3.1930319119339475e-5
0.31	0.0006044238034489124
0.32	-0.00037831962546033425
0.33	5.844383207960917e-5
0.34	-4.757100883373235e-5
0.35	0.00010321634404696047
0.36	-1.3679085792185939e-5
0.37	0.00044838848262337944
0.38	0.0008242761509107327
0.39	0.0005896495441388758
0.4	-0.0002646667780007725
0.41	0.0008828625382262179
0.42	-2.5493103833455365e-5
0.43	4.7084989511955235e-5
0.44	-0.0003332542039272246
0.45	0.000311345898904
0.46	-1.1769540788854778e-5
0.47	-0.00021389197920836667
0.48	-0.0003070645592810114
0.49	-0.00028603608589049305
0.5	-0.00023388339346856626
0.51	-0.00014636355403673519
0.52	-0.0001810261120379374
0.53	-0.00035221291432795837
0.54	-0.0006393646677039606
0.55	-0.0001265543292948461
0.56	-0.00018793377844849847
0.57	0.0001012517699491566
0.58	0.0001284279822965651
0.59	-0.00012890188226200868
0.6	-0.00039390012347727824
0.61	-0.0007196075265234195
0.62	0.00014536406552017852
0.63	-1.2915428828013207e-5
0.64	0.0002982990775152506
0.65	0.00041660460699749334
0.66	-0.00011549229980480423
0.67	0.0008306906019607803
0.68	0.0002461691314132692
0.69	-0.0001412128081237995
0.7	-0.00013682233093674945
0.71	0.0001954423347210917
0.72	0.00010755402715595982
0.73	-0.0002127204820564539
0.74	-0.00013553892955604047
0.75	-0.0003108030019886652
0.76	5.36189144172378e-5
0.77	-0.0003752448602050566
0.78	-0.0002666670833460774
0.79	0.00020309955039333636
0.8	0.00030464541426355665
0.81	-0.0009967814806051156
0.82	-9.178471738875413e-7
0.83	-0.000461117640820928
0.84	-0.00010220438794456672
0.85	0.0002300434020733238
0.86	0.00021939896835953553
0.87	0.0001648952352104672
0.88	0.00010312741222795378
0.89	-5.113346281686808e-5
0.9	0.00010589830101340758
0.91	0.00015121679048182336
0.92	0.0002975711507693784
0.93	-8.149334647580066e-6
0.94	4.928108856001852e-5
0.95	1.3214413639727299e-5
0.96	0.00013815698062834901
0.97	-0.00010815740642867506
0.98	-0.0003312647583396999
0.99	0.0002363460740264047
1.0	-0.0004467373433047541
1.01	-0.0002480646997283349
1.02	-0.0003035203383224556
1.03	-0.00012949963783886705
1.04	-0.00012986035005127256
1.05	-8.204695639187052e-5
1.06	0.00012342386983028882
1.07	0.0002837535060765974
1.08	0.00014963764836763887
1.09	-4.1647162193966307e-7
1.1	0.0002273448804894553
1.11	-1.62445208812961e-5
1.12	0.0007577009697134348
1.13	0.00035157657040730064
1.14	-0.0003553500606947076
1.15	0.0002558018143260746
1.16	0.00014865610093559993
1.17	-4.441484946146394e-5
1.18	0.00032413727042421503
1.19	-0.0007483388433448761
1.2	0.00019985277351804964
1.21	0.0004736706898463581
1.22	0.00028623594521413404
1.23	-2.9718940852734618e-5
1.24	-6.236343022449699e-5
1.25	-7.685459295540555e-5
1.26	-0.0002500350221900565
1.27	-0.00022572199588862188
1.28	0.0003454698138052858
1.29	-0.00036618131499892867
1.3	0.0003166709024154543
1.31	-7.500343263017444e-5
1.32	8.501475264273634e-5
1.33	-0.0005391311791473348
1.34	0.00014275868795565305
1.35	0.0001356845789946663
1.36	-2.7709447772806394e-5
1.37	0.00020193505399520618
1.38	0.0001699019906591784
1.39	0.00022897816929525586
1.4	0.00020123899125757351
1.41	-0.00035781115972720383
1.42	0.00011354541380800007
1.43	-0.00034359363792916533
1.44	-0.00010978052862668885
1.45	-2.5826631542399316e-5
1.46	-0.00011836810535314013
1.47	0.00023190608500375952
1.48	0.00029091005224768786
1.49	-0.00012017704919899645
1.5	0.0004165774937943471
1.51	0.0002836991749014614
1.52	0.0003487279979571705
1.53	0.00014434936950019595
1.54	7.389249707987369e-5
1.55	-0.0004287695658992171
1.56	-6.169660755218437e-5
1.57	-0.00020776070332685848
1.58	-0.00014547640707310145
1.59	0.00027270758357984316
1.6	1.1865045971957458e-5
1.61	6.519284040693845e-5
1.62	-0.0004523481917330293
1.63	0.00019617370298728512
1.64	0.00013448420587434853
1.65	0.0003399035138515639
1.66	-0.0005304421547244667
1.67	0.0001680006455521247
1.68	9.546705448973138e-5
1.69	-1.075586598427332e-6
1.7	6.819783858489084e-5
1.71	0.00021792144068654836
1.72	0.00019414079956275756
1.73	0.00031428201141472933
1.74	0.00017581128021509722
1.75	9.590189071291501e-5
1.76	8.834814271179072e-5
1.77	0.00026916539244898057
1.78	-0.0006070730213505306
1.79	0.0005132978948783847
1.8	-0.0002632826790444385
1.81	1.3627047254143275e-5
1.82	6.517770570036009e-6
1.83	0.00037801399732112603
1.84	0.00037096684127792544
1.85	-6.34993140034917e-5
1.86	-0.000260789054836972
1.87	0.00012526691590590837
1.88	3.202754415997694e-5
1.89	-0.00028193800063220774
1.9	-0.0005997317748788743
1.91	0.0002934583840639641
1.92	-0.00043130664049622193
1.93	7.665664642127022e-5
1.94	0.00017985633339890158
1.95	0.0005539140492387918
1.96	-0.0004157056542818086
1.97	-0.0005731802303741106
1.98	-0.00035241825733327005
1.99	0.00013368958552803726
2.0	-0.0005106598027893592
2.01	-0.00013076430682880933
2.02	-0.0002924738311043451
2.03	0.00010952282131171177
2.04	0.00042658261787571376
2.05	-0.0004293457511268968
2.06	-0.0005602816722690945
2.07	0.00013819304576423054
2.08	-0.0006687369854825465
2.09	-0.00010827325373560007
2.1	0.0001021917969744712
2.11	-0.00047245410735435113
2.12	-0.0004370364647255378
2.13	-0.0002717609995043712
2.14	0.0001597465815809771
2.15	9.154061107459782e-5
2.16	-0.00011803303261567057
2.17	0.00023565183260135795
2.18	0.0003535165865332424
2.19	-2.7439795892542034e-6
2.2	-6.095716578765587e-5
2.21	-8.043469361190455e-5
2.22	4.9034456433391054e-5
2.23	-0.00011266281399692688
2.24	0.0005871937045593522
2.25	0.0005647459692267156
2.26	0.00023602560159678232
2.27	-0.0004819915633453402
2.28	1.4243128745972048e-5
2.29	-0.00019142641053196993
2.3	-9.243498572385953e-5
2.31	-9.864866800416039e-5
2.32	0.00036926864787498393
2.33	6.707019238422504e-6
2.34	0.0005516343392224474
2.35	0.0001974253957541717
2.36	-0.0003282826263388731
2.37	2.7917387094629768e-5
2.38	-0.0005384290706654262
2.39	-9.461710041370036e-5
2.4	0.00028205139658281245
2.41	0.0003460393061804884
2.42	0.0002856070852476674
2.43	0.0005090090706337064
2.44	8.900192687290411e-5
2.45	-5.373468619880413e-5
2.46	-1.2293325230786332e-5
2.47	0.00029304711242620187
2.48	-4.459252732517962e-5
2.49	0.0003770374282595927
2.5	0.0005526029656435215
2.51	0.00024207493854177002
2.52	0.00021402562478486066
2.53	1.988941454144438e-5
2.54	0.00020540498213148176
2.55	-4.4996253070603455e-5
2.56	-0.0002620351225509209
2.57	0.00025513806554286933
2.58	0.00026973970544179386
2.59	0.0002993618702550656
2.6	-0.00048337492454847474
2.61	0.0001850685871630644
2.62	-0.00016204258288274036
2.63	-0.00018282457129940437
2.64	-0.00014678872113940575
2.65	-0.0003548271769657386
2.66	-0.00028847960599033556
2.67	-0.00027402963462443613
2.68	0.0001475373717600625
2.69	0.0004439403974640742
2.7	9.658684128509743e-5
2.71	-5.817595365309353e-5
2.72	0.0005667838898840179
2.73	0.00017672422140332895
2.74	0.0004680311619033335
2.75	-2.1205836692688912e-5
2.76	-0.0002693727142705369
2.77	-0.0002478945440369016
2.78	0.00024179173189388744
2.79	-0.0003957860864240055
2.8	0.0003195472668498248
2.81	-0.0001319073411231925
2.82	-0.0005491504477144007
2.83	0.00012000244916999939
2.84	-4.205698303112341e-5
2.85	-0.00031645317345109167
2.86	0.00028344363987648646
2.87	1.339856032329841e-5
2.88	-0.0001701080148784435
2.89	-0.0003325094352641743
2.9	2.2849780859127976e-5
2.91	-0.00017629936340179798
2.92	0.00031544555297627634
2.93	9.856710119541046e-5
2.94	-8.361956650945977e-5
2.95	9.396171878600277e-5
2.96	2.3315305211969023e-5
2.97	-0.0004275665167692539
2.98	5.850253532956907e-5
2.99	-0.00035398683811173136
3.0	0.0003315656870589656
3.01	-0.00021108519672264644
3.02	0.00026525729289499425
3.03	-0.0003738860663617256
3.04	0.00038195916875756876
3.05	-1.955093817188075e-5
3.06	6.0040566704602944e-5
3.07	-0.0002197017359058087
3.08	0.0005825283012653306
3.09	-0.0003917697501457943
3.1	-0.0003793203343586393
3.11	7.271656493217501e-5
3.12	0.00016580369916338012
3.13	-0.00030699774672821164
3.14	2.3895259403530537e-5
3.15	9.432331727440226e-5
3.16	-0.0002526203372890464
3.17	0.000608805115955123
3.18	0.0004510122112958666
3.19	0.00043990722055634653
3.2	-0.00017868618537907112
3.21	-9.274672256236817e-5
3.22	-0.0003406041512927539
3.23	0.0003423077575344125
3.24	-0.00029672053805202534
3.25	-0.00015776930491245782
3.26	-0.00014763221485379835
3.27	8.478661632234049e-5
3.28	-0.00024098467957014817
3.29	1.9528771589805124e-5
3.3	0.0005338487316050598
3.31	0.0004683995461392827
3.32	0.0001155562192091016
3.33	-0.0003966581246107391
3.34	-0.00018929008439556497
3.35	-0.0004473460027744506
3.36	-0.0003643958055488312
3.37	0.00033642753301912144
3.38	-0.00011799158107800093
3.39	0.0004000762358248499
3.4	-0.000235056204216091
3.41	0.00018866589974515972
3.42	0.00045600927734628196
3.43	0.00024836332743876293
3.44	0.00038257357665454176
3.45	-0.00014829490191977328
3.46	-0.0001799982590627033
3.47	0.0003438954434602318
3.48	-3.781707961905268e-5
3.49	-2.356081388529415e-5
3.5	0.0004278267629902772
3.51	0.0003864973365970553
3.52	0.00019239672178500246
3.53	-9.75589481575003e-5
3.54	0.0005515108603279098
3.55	-0.0006823312419884051
3.56	-0.00011785665094046875
3.57	-0.00027428930718531293
3.58	0.0003844647273912747
3.59	1.0836215991782042e-5
3.6	-0.0003722168061718717
3.61	9.71695657226614e-5
3.62	-0.0007107225832794106
3.63	0.00019614527384089248
3.64	-0.0005283260204241505
3.65	0.0003276487589313892
3.66	-0.00017086836722779
3.67	-0.00014707571149527043
3.68	0.0007204647704085375
3.69	-0.0001958662955014068
3.7	0.0003447733607225577
3.71	0.0002459654368071191
3.72	-0.00012718046806025707
3.73	-0.00035889056849252253
3.74	0.00019887466857620732
3.75	0.00018322797834378717
3.76	-0.00037234942496662093
3.77	-0.0003363733869607657
3.78	-9.291348675552756e-5
3.79	-0.0005408517737149607
3.8	-1.3303483942892406e-6
3.81	-0.00032572346033988057
3.82	8.32937340851639e-6
3.83	0.00013729118591687548
3.84	0.00030839373287718164
3.85	0.0003959105307573132
3.86	9.87363493235988e-5
3.87	6.739454699531066e-5
3.88	-0.00017833276706240086
3.89	0.00010581823678209517
3.9	-6.228838160129245e-5
3.91	-0.0008791823049538358
3.92	-0.0006221506600436014
3.93	0.00012395216323328012
3.94	-0.000515453878229064
3.95	-5.9962321307718096e-5
3.96	-0.0005677237530220463
3.97	0.00019246390919075575
3.98	-8.042442680379324e-5
3.99	-0.0004895948151345822
4.0	-0.00012651031543829517
4.01	-0.00032722420226257944
4.02	0.00015708615572625917
4.03	0.0003652156506028285
4.04	-0.0003017802583960943
4.05	-0.0005580171910010518
4.06	-8.154057497139151e-5
4.07	-0.00015740340270273408
4.08	0.0001177955156912194
4.09	-0.000928983220988012
4.1	-0.0001190637981376854
4.11	0.0003886786206401138
4.12	-6.324300262483115e-6
4.13	0.0005294792125379936
4.14	-7.185295345996891e-5
4.15	-0.00017681516716981633
4.16	-3.279588852367392e-5
4.17	0.0008291120167731251
4.18	-0.0003609429558567117
4.19	-7.235078390157012e-5
4.2	-0.0003145666846899722
4.21	0.00030363183912586526
4.22	0.0002862263946939082
4.23	0.0002595962761525562
4.24	9.744934114148758e-5
4.25	-0.0001673531684269951
4.26	2.7231744340628742e-5
4.27	4.0499379329457574e-5
4.28	0.00013129369748008385
4.29	5.775303633434217e-5
4.3	-0.0003749675825863824
4.31	9.38564778243628e-5
4.32	0.000478186428374646
4.33	5.7354709858034766e-5
4.34	-0.00040058991856290084
4.35	2.955372787165011e-5
4.36	-0.0003865131284915411
4.37	-0.00010104701915978717
4.38	-0.00010195145468768627
4.39	-0.0004890020137415536
4.4	0.0001193574605567694
4.41	0.0004329315377162035
4.42	0.0006145650300836261
4.43	-0.00045233535961809317
4.44	9.768379653008381e-5
4.45	-0.0003888162949521294
4.46	0.00024669527359260474
4.47	0.00027160580112412
4.48	1.2994453372716075e-5
4.49	0.0004898858529796607
4.5	2.8488094213603205e-6
4.51	0.00023056978524225796
4.52	-3.2333488485173167e-6
4.53	0.00024398426304373416
4.54	0.000157916148059087
4.55	-1.2442284923093727e-5
4.56	-0.0004631211133896149
4.57	0.00015401798558157078
4.58	-0.00015959807296376212
4.59	0.00016461683948855552
4.6	-0.0001686793650679149
4.61	0.00011401249903149085
4.62	-0.00022711519801858234
4.63	-9.119667020335146e-5
4.64	0.00015146454748968588
4.65	-0.0003309438626251705
4.66	9.156738072596628e-5
4.67	8.087895510385953e-5
4.68	-8.359056148688526e-5
4.69	0.0001178710057968301
4.7	0.00020117337002122793
4.71	0.00013225144615969017
4.72	-3.8143441904870204e-5
4.73	-0.0002442471031866787
4.74	0.00025953339185929837
4.75	0.00044342745712966857
4.76	3.0504008651277033e-5
4.77	-0.00011633725910914466
4.78	0.00026401503618764835
4.79	0.000291688528027583
4.8	-0.0005485364011066536
4.81	-0.0003731452585529392
4.82	2.649516952050743e-5
4.83	-0.00047967576400671184
4.84	-9.958748802511913e-5
4.85	-0.0004183524042275293
4.86	0.000636483332790212
4.87	0.0005383057441236263
4.88	-0.0004048680292525541
4.89	0.0006946919919279547
4.9	0.00018996657675757488
4.91	-0.0002844520563223811
4.92	-8.080668280149603e-5
4.93	-1.9763865941103705e-5
4.94	0.00041885924627529274
4.95	-5.60090961265457e-5
4.96	0.00028053104639017484
4.97	-4.5162208213974415e-5
4.98	-0.0002587779080974092
4.99	-0.0001191771102936276
5.0	0.00033174952847928773
5.01	-0.00022806993414339885
5.02	6.838473636324797e-5
5.03	0.0003869814254435369
5.04	0.0003036277970979656
5.05	0.00015004005778550465
5.06	-0.00039771810300257606
5.07	0.00026508926459886906
5.08	0.0007330206120415128
5.09	-0.00029428536035319886
5.1	-0.00022155064861012098
5.11	-0.00039876020256322044
5.12	-4.4742290320044195e-5
5.13	-0.00030319910447604645
5.14	-0.00023680672411061787
5.15	0.00011238768843988166
5.16	0.00017715439490052307
5.17	-8.179923401852794e-5
5.18	2.067885181150775e-5
5.19	-0.0004717244527032124
5.2	0.0008958252391452625
5.21	0.0002924054819038716
5.22	-0.0001751321936998582
5.23	0.0004891198727131472
5.24	0.00018792668339481387
5.25	0.00016703366725049398
5.26	0.0004866537254477765
5.27	-0.00023580334362033355
5.28	-0.00036245715106953574
5.29	0.00015040639855528668
5.3	-0.0001448499091243071
5.31	-0.0004518353215872256
5.32	-0.0001658188029469072
5.33	-0.0002197425024257476
5.34	-0.00012061461225866981
5.35	0.0005762003597376012
5.36	0.0003254736421073877
5.37	0.0004382310773577773
5.38	-0.0003378444773862107
5.39	-0.0006075266071087438
5.4	0.0003913139907008129
5.41	-0.0007457645914396595
5.42	-9.991088059252388e-6
5.43	-7.979633148109892e-5
5.44	-0.00025318217748639935
5.45	-5.1573780334660525e-5
5.46	-0.00015549606043190991
5.47	-0.00018004055166062966
5.48	-0.00035226486627361434
5.49	-0.0002050888932328641
5.5	0.00020226358729541968
5.51	0.000441767683052169
5.52	-0.00013334482940539533
5.53	-0.0009259534994787296
5.54	7.257480829695264e-5
5.55	-0.00023909241162419032
5.56	0.00038678813699134014
5.57	0.00018306567394786263
5.58	-0.0001261456612302016
5.59	0.00017132983742893057
5.6	-0.00038584894560850117
5.61	-2.5173649380442612e-5
5.62	0.0004031833984569273
5.63	-0.0003148663879624103
5.64	-0.00022418082667646514
5.65	0.00041040377117681007
5.66	0.00023196621862169584
5.67	3.0120026580578656e-5
5.68	0.00011342359903134554
5.69	-0.00016793493594808968
5.7	-0.0004447843000036458
5.71	0.0002787795248707297
5.72	8.616551888478036e-5
5.73	5.195372844736503e-5
5.74	0.0003905835722698528
5.75	-0.0002654679353160158
5.76	-3.1201754740302335e-5
5.77	0.000456558467938687
5.78	0.00018992940457119876
5.79	-0.00015644055746915614
5.8	-7.480074171762839e-5
5.81	-0.0003497182072008278
5.82	0.0001742051967090597
5.83	-0.00015904598058086997
5.84	6.878969289355713e-5
5.85	0.0003435013662193716
5.86	-0.00019250792045853556
5.87	-0.0003234914911220579
5.88	0.00023375760864537286
5.89	-0.00032165399468652047
5.9	-0.00015143424674800358
5.91	-0.00011668544489734604
5.92	5.6477066552522955e-5
5.93	0.00012629613981740196
5.94	-6.37249981704953e-5
5.95	-0.0007099498591052366
5.96	-0.0006316033427086018
5.97	9.236853151268008e-5
5.98	0.0001904098041234933
5.99	6.591397987561293e-5
6.0	0.0001233029476826478
6.01	0.00014676512793701185
6.02	-0.0005235889616135007
6.03	-0.00033032549394150507
6.04	-0.0003045331503100722
6.05	0.00016226634732499225
6.06	0.00016209901465908332
6.07	-9.618127924345267e-5
6.08	0.00019355007015121105
6.09	0.0005378678140783028
6.1	-5.7906863405832e-5
6.11	-0.00030415501561650946
6.12	0.00029299751741130805
6.13	-0.00024791147076154397
6.14	0.0005278237107986967
6.15	0.00028394332302960143
6.16	0.00016996257136380334
6.17	0.00021453909719508916
6.18	0.00039584448465294984
6.19	-0.0008139728368731045
6.2	-0.00010884481973300327
6.21	0.0002564272844027515
6.22	-6.805516958968709e-5
6.23	0.0004537398864348788
6.24	-0.00012415133282711862
6.25	-0.0002541322047374754
6.26	1.1678982887454754e-5
6.27	-9.963878298344163e-5
6.28	-7.837230058703362e-5
6.29	0.00029341978321764303
6.3	-0.00026611358972895095
6.31	9.902045383241311e-5
6.32	-0.0006177978562757981
6.33	-0.0005659039635359185
6.34	0.0002750029083634813
6.35	-0.0002051807512298836
6.36	0.00028681614062376536
6.37	-5.981816549701451e-5
6.38	0.0001080919670397035
6.39	3.042891511232052e-7
6.4	-0.0002223456538318753
6.41	0.0007148079282829941
6.42	-1.3080737168146583e-5
6.43	0.0005082622909906232
6.44	-0.0002682038289639512
6.45	0.00011646324302143322
6.46	-0.0002843823585910376
6.47	-0.00015522613205769495
6.48	-0.00017062301240956178
6.49	-0.0002317572231505791
6.5	-5.685294766524734e-5
6.51	0.0003753360294871597
6.52	2.629394753670907e-5
6.53	0.0007096873339630187
6.54	-0.00029765142008146203
6.55	0.0002913439435919207
6.56	-0.00016514130899222744
6.57	0.00048691111551234435
6.58	-0.0001327994383852142
6.59	-0.00010187653529472235
6.6	-6.112260110344464e-5
6.61	0.0005233262122575417
6.62	-0.0005644786034302655
6.63	1.0590378551743683e-5
6.64	0.00015080084489485558
6.65	0.00011652027481281328
6.66	-0.00026806381330614105
6.67	0.00016077201596569702
6.68	0.0001549205682337971
6.69	-0.00041712272394426995
6.7	-0.00015446217271509913
6.71	0.00042744297494230814
6.72	7.723772785386186e-5
6.73	0.0004189531766610691
6.74	0.00030162336283139334
6.75	0.00024311182376818768
6.76	-8.46745483628074e-5
6.77	0.00024851981727756387
6.78	-0.00042867013100628945
6.79	-5.973199172099024e-5
6.8	-0.00017811054628880826
6.81	0.000711705612535702
6.82	0.00043379836617830263
6.83	-0.0001251139405512676
6.84	-0.00022583098467898223
6.85	-0.00026881819431389547
6.86	0.00010269067817779698
6.87	0.00018440987250369686
6.88	-0.00021172776642512837
6.89	-0.0004731395917300189
6.9	-0.0001266655638275019
6.91	-6.3344826046181656e-6
6.92	0.00016280553075940647
6.93	-0.00020467211395873585
6.94	-0.0002654390165412441
6.95	-0.0006822916424601338
6.96	-0.00018872438855658294
6.97	0.00027667713804903745
6.98	-0.00032501400538669715
6.99	-0.0005202404971688623
7.0	-0.0001759627067253603
7.01	-0.0002809997403137467
7.02	-0.0003228671146726987
7.03	0.00040446866937570754
7.04	-0.00029784893735724095
7.05	-0.00027060855570179836
7.06	-0.0007091619949146096
7.07	-7.80035275820677e-6
7.08	-0.00010380800887508133
7.09	-0.00016699999451742298
7.1	-8.999824536008125e-7
7.11	0.0001648394007423554
7.12	0.00017666466310509545
7.13	-0.0005254699836248563
7.14	0.0007745800634851571
7.15	0.00015141371659133944
7.16	-0.0002933779411609883
7.17	3.8391568751252555e-5
7.18	-9.065118873337575e-5
7.19	-0.0004846109274734225
7.2	0.00020799739620421033
7.21	0.00039984457554301977
7.22	0.00019256208236641007
7.23	-0.00029624973923855877
7.24	-7.571930490638337e-5
7.25	0.00048153193154039164
7.26	-5.094152720421558e-5
7.27	0.0004264756287005699
7.28	0.0002071571939762561
7.29	-0.00022893745622984461
7.3	0.0004012911640606903
7.31	0.00010743745508924675
7.32	0.0005610476078770742
7.33	-0.0003076858194704347
7.34	0.00035768069686975236
7.35	0.0005855931012474705
7.36	8.738623110673758e-5
7.37	3.833383042536329e-5
7.38	-0.0007843806769864161
7.39	0.000533304187498176
7.4	0.00029712720499431726
7.41	-0.00013413182538899717
7.42	0.0005742553081705273
7.43	-0.0001545457973572023
7.44	-5.4210405225771345e-5
7.45	-3.565207229451657e-5
7.46	0.00015194755207219258
7.47	-0.0002835084303338232
7.48	8.267043175277097e-5
7.49	-0.00046488661481062507
7.5	-0.0003290508262099376
7.51	-0.00019365246174056532
7.52	0.0005019426368762286
7.53	0.00028906788581089084
7.54	-0.00048718195619906003
7.55	0.000267464268023692
7.56	-0.0002515572003196979
7.57	-0.0004105488405633322
7.58	0.00036789789517393786
7.59	0.00026202604049770393
7.6	7.960301119056195e-5
7.61	-0.0005818335143543614
7.62	0.00016833017955624133
7.63	0.00017136374697705148
7.64	2.479336757579353e-5
7.65	-6.20278517491405e-5
7.66	0.000335239468650436
7.67	-0.0006297112678884048
7.68	-0.00017233524731461298
7.69	-0.0002522346541647498
7.7	0.00020605989941421785
7.71	0.0004380420454132256
7.72	0.00027138976207920554
7.73	-0.00022726783846488028
7.74	-0.000793396404433026
7.75	6.251868153955701e-5
7.76	0.00037103750337518545
7.77	-0.00034405670318350424
7.78	-0.00034798587608590584
7.79	-3.498743649163707e-6
7.8	-0.00021502477003483168
7.81	0.0005928428429076698
7.82	0.00010164965834568452
7.83	-0.00017690649350881617
7.84	-2.6109272483093686e-5
7.85	-0.0008937352616608578
7.86	-9.312393673176547e-5
7.87	-6.829182197275592e-5
7.88	5.881238883861805e-5
7.89	-0.00014006648766393907
7.9	-0.000426841559584467
7.91	-0.0002384909530365003
7.92	0.0004411368838222259
7.93	0.0002455341689375716
7.94	-6.529665880647242e-5
7.95	0.0004271009992958785
7.96	-0.00019045548886389353
7.97	-0.0004079475925408283
7.98	0.00041355042742333045
7.99	0.0002316964576272091
8.0	-8.378145469980605e-5
8.01	0.0003014560038047808
8.02	0.00017206257393082353
8.03	-0.0001624502034363873
8.04	-1.5101910378495152e-5
8.05	-0.0008198053274682579
8.06	0.00012699038434514949
8.07	0.00017684773170984904
8.08	7.485715239346896e-5
8.09	-0.00015289739954473926
8.1	0.00034076919404126503
8.11	-6.459639205799954e-6
8.12	0.0004740142726828016
8.13	-0.00019394075362514377
8.14	-0.00018784885008972751
8.15	6.224773244824965e-5
8.16	-0.0002814630551983947
8.17	-0.00014521218823307125
8.18	-0.00038853903413849496
8.19	-4.0359309838326156e-5
8.2	0.00026331350866460674
8.21	-0.0002087178262820341
8.22	0.00015118540665770794
8.23	3.1417929602088667e-5
8.24	-0.0003281716919237868
8.25	0.0001643994578505391
8.26	0.00011503717804431931
8.27	0.0002669272633642193
8.28	-4.0638258251841745e-6
8.29	0.0005453798723138466
8.3	0.00017708297941284844
8.31	-2.213415374346902e-5
8.32	-0.00037331676180369787
8.33	2.2595395963631905e-5
8.34	-5.5093471897873495e-5
8.35	0.00024558306288540864
8.36	4.275093786813291e-5
8.37	-5.479863130683209e-5
8.38	0.0002697204181419706
8.39	9.471458860707061e-5
8.4	0.0002324709852419041
8.41	-0.0003465776112338613
8.42	-0.00027787148781105697
8.43	0.0001543934135320266
8.44	-0.0002511945068827886
8.45	0.00023744220304434157
8.46	-4.278797832389466e-5
8.47	-6.99471389139654e-5
8.48	0.00023696377459578256
8.49	0.0004592343299015019
8.5	0.00017664139569770304
8.51	-0.0007065587071673099
8.52	-3.063855881006505e-5
8.53	-3.8286420246645086e-5
8.54	0.0002833241378766026
8.55	0.0006826725194311042
8.56	-0.0002843710776761121
8.57	-9.389164732465132e-5
8.58	0.00012536649968634172
8.59	0.00036943790430451096
8.6	4.941366709986814e-5
8.61	-0.00023511951476618776
8.62	3.077679138678234e-5
8.63	-0.0004335336752535517
8.64	-2.9829807569584533e-5
8.65	-0.00015321655244346667
8.66	0.00012677523970962339
8.67	-0.00029447559706165174
8.68	-3.349838713551407e-5
8.69	2.213372769196923e-5
8.7	-9.503410904170249e-5
8.71	0.0004090906781171954
8.72	-0.0003850651254140655
8.73	7.436175354913505e-5
8.74	0.00016777646571783836
8.75	0.00033862539167501903
8.76	-0.00048477203230764355
8.77	-0.0001301629675949294
8.78	0.0003679064494938702
8.79	0.00044464637289431475
8.8	5.647305105445386e-5
8.81	0.0001213459009865894
8.82	-6.91696396683651e-5
8.83	0.00043677201634947466
8.84	-0.0002955830160102645
8.85	0.0002732438112104486
8.86	-0.00026322237467136145
8.87	0.0006118746126268608
8.88	-7.408327653882479e-5
8.89	-0.00023704016373017375
8.9	-0.0008739747502408602
8.91	0.0002620352272748257
8.92	2.588038599610755e-5
8.93	-0.0005165250010209316
8.94	-0.0001979147159282046
8.95	5.851705878323883e-5
8.96	5.6451052836947124e-5
8.97	0.000309917048253208
8.98	0.0001546620084139945
8.99	-2.0068588263852213e-5
9.0	-5.754000162976287e-5
9.01	-4.4791407854440066e-5
9.02	0.00011148886335876949
9.03	-0.0001777502969371246
9.04	7.779080915238932e-5
9.05	0.0002705893327370969
9.06	-0.000158579250670581
9.07	-0.00013013517698141347
9.08	-0.00010516270808384027
9.09	7.616135875227584e-5
9.1	-5.439413994346785e-5
9.11	-0.00045755550156161386
9.12	0.00021511625755902324
9.13	-0.00019562201440109474
9.14	-0.0002588128346273122
9.15	5.230594293053056e-5
9.16	-0.00010897725744607968
9.17	-0.00032321061381076853
9.18	0.0001848611748932483
9.19	0.0006397192066734467
9.2	-0.00011654271718437504
9.21	-0.000246214452912534
9.22	0.00029577092906318565
9.23	-0.000293262286257191
9.24	0.000625484008255946
9.25	-0.00023012355023858713
9.26	0.00013086092115150523
9.27	0.00040789901327558384
9.28	-0.00020478763037086594
9.29	0.00027885549467337
9.3	0.00023207790935889796
9.31	-0.00013671933363533617
9.32	-0.0005673866005688643
9.33	0.00021430459415220374
9.34	0.00016699936167233575
9.35	0.0003914644894671444
9.36	-0.00019415861226427364
9.37	-2.4299570258463432e-5
9.38	-0.0005542826334481657
9.39	-3.0102610818054073e-5
9.4	-0.0003091007113982066
9.41	3.204747365527726e-6
9.42	5.4771586918156614e-5
9.43	-0.0005568306518484429
9.44	0.00014053669183010966
9.45	0.00011422993136442815
9.46	0.00026330476880456456
9.47	0.0003913524540204885
9.48	0.00036627873858121414
9.49	-5.1817095511553204e-5
9.5	2.9235970649958125e-5
9.51	-8.905953079908709e-5
9.52	-0.0004423863193387759
9.53	0.00011338820852174842
9.54	-0.00023455466294449766
9.55	-0.0002050080608182345
9.56	0.00033822511644855755
9.57	0.00025350823662234254
9.58	0.00037503246402483805
9.59	0.00035028768057603315
9.6	-0.0001807448006333272
9.61	-0.00029553398334726755
9.62	0.00016784770094287158
9.63	0.00010316710997016483
9.64	-0.0004531844310664589
9.65	-0.00036555339295724526
9.66	0.0004773044044713357
9.67	-0.0004186215211687372
9.68	0.000556039375652342
9.69	0.0001766519402043959
9.7	5.9023203098389615e-5
9.71	-0.00011744281534939287
9.72	-8.472842250196289e-5
9.73	0.000212327728983287
9.74	-0.0002727186060428629
9.75	0.00011302868688252985
9.76	-0.00016704013501051045
9.77	0.00013273013437422319
9.78	0.00025791070582827997
9.79	0.00045159007593926164
9.8	0.0005576738755501727
9.81	0.000528079148303204
9.82	-0.0001858423404171323
9.83	0.00027523466604691317
9.84	-0.00031586377423930596
9.85	0.0005118504373365731
9.86	0.0002624335234620376
9.87	7.4905143752002e-5
9.88	0.0002974797641661367
9.89	-0.00016580367253159886
9.9	0.00036595393661773625
9.91	-0.00047217983887808194
9.92	-0.0002522101127016715
9.93	-6.43104602060786e-6
9.94	-7.884501877654291e-5
9.95	1.3353132332745985e-6
9.96	0.0002100682492732549
9.97	9.660736405085087e-5
9.98	0.00018520330150397114
9.99	-0.00020633433090127916
10.0	-0.0001537715714029262
10.01	0.0006135654446109832
10.02	0.0012462735568019832
10.03	0.0019170513553692541
10.04	0.0020104290099489147
10.05	0.0029898154000660014
10.06	0.003351837202212
10.07	0.0032562702079490316
10.08	0.0037144695911961677
10.09	0.004829239285059002
10.1	0.004980816029641341
10.11	0.005219611690155315
10.12	0.005790295489635523
10.13	0.0068563830863769635
10.14	0.006513343922511101
10.15	0.007544470318886992
10.16	0.0071622033939320665
10.17	0.007623757881609999
10.18	0.008543235663545336
10.19	0.008815425286395253
10.2	0.00910548496419397
10.21	0.009175196544296415
10.22	0.009828449038487994
10.23	0.009775322172428184
10.24	0.01057589499202146
10.25	0.010456994976137796
10.26	0.010724036818284705
10.27	0.01125821316248406
10.28	0.011918579601350838
10.29	0.011676257032913586
10.3	0.012111843112352015
10.31	0.012540783696330273
10.32	0.012901664989300506
10.33	0.01270630312733521
10.34	0.013253562437580456
10.35	0.012898879816963563
10.36	0.013058234319102734
10.37	0.013483250696373086
10.38	0.014031752418655327
10.39	0.014319288630270537
10.4	0.014612374350276817
10.41	0.015001383708416657
10.42	0.014643606918278422
10.43	0.014813113469606898
10.44	0.014751152544657113
10.45	0.016177125957408996
10.46	0.01506281557560998
10.47	0.015877966968094875
10.48	0.01607037897096069
10.49	0.01635356236989249
10.5	0.01731576942008206
10.51	0.01712657492579845
10.52	0.01729293461561155
10.53	0.01683423481603471
10.54	0.017371027927359874
10.55	0.017476984908848858
10.56	0.017712983646781286
10.57	0.01718123447129924
10.58	0.017789882679879365
10.59	0.017735111459623455
10.6	0.01788379253401247
10.61	0.018505342118251226
10.62	0.018777437122201018
10.63	0.017859596957562725
10.64	0.018095943997464118
10.65	0.019097705231431616
10.66	0.018231353100457568
10.67	0.018734331386306983
10.68	0.018993094000964387
10.69	0.019323356906356757
10.7	0.019088372643461138
10.71	0.018977067885164144
10.72	0.01935112965256785
10.73	0.019378341914765968
10.74	0.019771860445861697
10.75	0.019760923114333244
10.76	0.019909636230360885
10.77	0.019790981831222642
10.78	0.019304783027679753
10.79	0.01988567182426598
10.8	0.019261617200439212
10.81	0.01977017022072835
10.82	0.020102717802751333
10.83	0.020566255106864235
10.84	0.020752343353526763
10.85	0.02050095343124493
10.86	0.020672916566800436
10.87	0.020809330861417175
10.88	0.02082878038501491
10.89	0.021027720534164927
10.9	0.020148132304060387
10.91	0.020624774928421755
10.92	0.02011655502782299
10.93	0.02113593113035406
10.94	0.021057466281156713
10.95	0.02080136833120024
10.96	0.021457333195638948
10.97	0.021461797877391598
10.98	0.021486070601400332
10.99	0.021312064175169794
11.0	0.02142881014673612
11.01	0.021673939087464334
11.02	0.021273883485363018
11.03	0.02127675290881588
11.04	0.02136289678112842
11.05	0.021533353815014877
11.06	0.021420506618761055
11.07	0.02144187224449743
11.08	0.021579659974648887
11.09	0.02212551110510795
11.1	0.02191639097323428
11.11	0.022046140804499455
11.12	0.02206139469465459
11.13	0.02155079026902314
11.14	0.022174686268182912
11.15	0.022075884031859904
11.16	0.022077543308184903
11.17	0.022046309902510306
11.18	0.02192628587581385
11.19	0.02183361129844339
11.2	0.022247551329050937
11.21	0.02205799151870328
11.22	0.022233213563405192
11.23	0.022122837428132088
11.24	0.022706149529144924
11.25	0.022061769728341715
11.26	0.022040534914611377
11.27	0.022398603397454468
11.28	0.02275987035673862
11.29	0.022217580972467378
11.3	0.022742986887474614
11.31	0.022421458633351266
11.32	0.02230868153432328
11.33	0.02254970244626419
11.34	0.02212094593758237
11.35	0.022005738460148975
11.36	0.022237248195372313
11.37	0.02216349014617019
11.38	0.023129308248532328
11.39	0.02258446622669264
11.4	0.02303606702508271
11.41	0.02203722973946346
11.42	0.022417005731932362
11.43	0.023024151058904988
11.44	0.02251677062626551
11.45	0.02291474408059937
11.46	0.023226840882546926
11.47	0.022684301061340787
11.48	0.02305816965898372
11.49	0.022218781459460817
11.5	0.02283615897977929
11.51	0.02326583896036845
11.52	0.022668514386238767
11.53	0.022789446526569876
11.54	0.02339950584946546
11.55	0.022720473222752297
11.56	0.022297855605550865
11.57	0.022584106647307117
11.58	0.023045303765768185
11.59	0.022420554320229213
11.6	0.02331354636163557
11.61	0.02324133910670084
11.62	0.023111540016631307
11.63	0.022779747884129644
11.64	0.023011400950032335
11.65	0.022499103949591114
11.66	0.023162715455602667
11.67	0.0235309445715258
11.68	0.02326350277609638
11.69	0.023610354072358605
11.7	0.023241360712202692
11.71	0.023138219171325445
11.72	0.02269560163641337
11.73	0.023211671686298445
11.74	0.022871360792758106
11.75	0.022991804949586237
11.76	0.0227855870566148
11.77	0.023155429297770758
11.78	0.023262157872294565
11.79	0.023346686775189748
11.8	0.023214334741438726
11.81	0.023149540899912547
11.82	0.022875874459090687
11.83	0.023141523388752087
11.84	0.02334526607573854
11.85	0.023003811546732637
11.86	0.023702552141480412
11.87	0.023477527781438506
11.88	0.02274737235242921
11.89	0.023144186891027416
11.9	0.023129941445774474
11.91	0.023113940598908627
11.92	0.023069046012371537
11.93	0.022692723222424847
11.94	0.023383815263149813
11.95	0.022878624222946127
11.96	0.023024604424371608
11.97	0.02298130853666386
11.98	0.02290179703301018
11.99	0.023341522092725584
12.0	0.022784437032094255
12.01	0.02299509717223419
12.02	0.023490796271667322
12.03	0.02309676571803831
12.04	0.02311439596361517
12.05	0.02345555872280155
12.06	0.02325130329304213
12.07	0.02292743915794078
12.08	0.023297834971939813
12.09	0.023410326232236094
12.1	0.023045561370412613
12.11	0.02356443484058658
12.12	0.02328641744334821
12.13	0.02321279658019806
12.14	0.023725552295615016
12.15	0.02361052165445937
12.16	0.023554032438944075
12.17	0.02352680016131596
12.18	0.023436855977570514
12.19	0.02346551960800863
12.2	0.02368273152360868
12.21	0.023752914000426346
12.22	0.02297602010257334
12.23	0.023065781558619616
12.24	0.023279933358740932
12.25	0.02386746816759976
12.26	0.023567197531261852
12.27	0.022980460031698943
12.28	0.023579648552901438
12.29	0.02386845261271723
12.3	0.023317457779469676
12.31	0.02297556590222801
12.32	0.02338213935985715
12.33	0.02300682737367219
12.34	0.023427394941380485
12.35	0.02335867618126177
12.36	0.023218855321357958
12.37	0.023073385399013043
12.38	0.023220931759509213
12.39	0.023435521283917994
12.4	0.02322297720476394
12.41	0.024174843773742207
12.42	0.023174663733935265
12.43	0.02303718901296022
12.44	0.02250536300931432
12.45	0.023253196861743076
12.46	0.023193840193843913
12.47	0.023125979600343686
12.48	0.02321946753367997
12.49	0.02378316429775633
12.5	0.02310494618994522
12.51	0.02293550385395641
12.52	0.02347093447113841
12.53	0.022755249999493642
12.54	0.02355555666928099
12.55	0.023031677508834766
12.56	0.023004120346809532
12.57	0.023716159553581383
12.58	0.023678433683609623
12.59	0.023323728153307816
12.6	0.023105029532203097
12.61	0.023329625612544966
12.62	0.023261831798042042
12.63	0.023670319423161855
12.64	0.023193874010898487
12.65	0.023519878986224086
12.66	0.023870766622211968
12.67	0.023565093395995523
12.68	0.023369826010065674
12.69	0.02391249862984735
12.7	0.02358784672924263
12.71	0.023695108935145655
12.72	0.02366391897872327
12.73	0.023348806357921015
12.74	0.023345235917152516
12.75	0.023031714680784684
12.76	0.022968253070165114
12.77	0.023071037447951866
12.78	0.023572228568780593
12.79	0.02285921011102676
12.8	0.023708554564015643
12.81	0.02348165232002937
12.82	0.023026307542417863
12.83	0.023360761131670175
12.84	0.02362793071860941
12.85	0.023337269366252376
12.86	0.02315406637931549
12.87	0.023354137846790846
12.88	0.0236729766076288
12.89	0.023596892700484123
12.9	0.02404498202386125
12.91	0.023344049317862103
12.92	0.023701953705819272
12.93	0.02280798403979924
12.94	0.022856927579485604
12.95	0.022701566352937654
12.96	0.023803670633375573
12.97	0.023588520924934755
12.98	0.023297297472500755
12.99	0.02319669022114712
13.0	0.02306191215121367
13.01	0.024040246216931817
13.02	0.023328296326374693
13.03	0.023388483001354005
13.04	0.02388507084333239
13.05	0.02394312372551238
13.06	0.023447725008744466
13.07	0.023763925456442684
13.08	0.023153251621766187
13.09	0.023945067915123935
13.1	0.023396559262025766
13.11	0.023653578752784076
13.12	0.023525257294731698
13.13	0.02328274382773943
13.14	0.02396061096656977
13.15	0.023313605953313575
13.16	0.023327833497235675
13.17	0.02292036243066268
13.18	0.023196401243613104
13.19	0.023298321590507924
13.2	0.023935758789737856
13.21	0.023311313449667054
13.22	0.023328240282999468
13.23	0.02326686518733029
13.24	0.02367405102765418
13.25	0.023689390844592626
13.26	0.023753511552798853
13.27	0.023424851463888646
13.28	0.023321021079854357
13.29	0.02326998876673058
13.3	0.02356819995748389
13.31	0.023307802979221103
13.32	0.023256761334710815
13.33	0.0234777788702078
13.34	0.023206434554095736
13.35	0.023485975320671336
13.36	0.0236098640936179
13.37	0.023718979623850733
13.38	0.023266235062502683
13.39	0.02345549207307418
13.4	0.022978752860927647
13.41	0.023527160725932583
13.42	0.023353662877024325
13.43	0.023119919103334066
13.44	0.023412878637446153
13.45	0.023658982930387012
13.46	0.0231508667542029
13.47	0.023773999201080233
13.48	0.023170898207502552
13.49	0.023436220964157053
13.5	0.02372042832824542
13.51	0.023400101241246033
13.52	0.023436496536577568
13.53	0.023792426477626315
13.54	0.02357187686027834
13.55	0.02302449170752695
13.56	0.023114572944221208
13.57	0.02408855383953555
13.58	0.023208083536985353
13.59	0.0233046622024897
13.6	0.02273357833932922
13.61	0.02322705011534979
13.62	0.02321913810647001
13.63	0.023099749639606138
13.64	0.023437044897036647
13.65	0.023157656804702307
13.66	0.023350135755788478
13.67	0.024161024252167356
13.68	0.023206302285373754
13.69	0.022931431248098526
13.7	0.023517036021793735
13.71	0.02332786063409444
13.72	0.023285543362042582
13.73	0.02399515977715004
13.74	0.02317156284858364
13.75	0.023336168309084186
13.76	0.023017402495551016
13.77	0.023331933622500096
13.78	0.02333989757586158
13.79	0.02342104745973365
13.8	0.023255901289798743
13.81	0.023324108552771984
13.82	0.022823138397656068
13.83	0.023781742500743518
13.84	0.02308473915884093
13.85	0.02350640597567825
13.86	0.023652315728080023
13.87	0.02330124548533299
13.88	0.02341064430315079
13.89	0.02385852455013288
13.9	0.023606700360546722
13.91	0.023529967492676267
13.92	0.022665345571801044
13.93	0.023224879849184386
13.94	0.02364966650561772
13.95	0.023238431487608232
13.96	0.023473022725386917
13.97	0.023097608166230823
13.98	0.023465695167980142
13.99	0.02350451689971816
14.0	0.023551753914652886
14.01	0.021018029508798348
14.02	0.019146104665162735
14.03	0.017831830670461995
14.04	0.01574692528798425
14.05	0.015285637123057728
14.06	0.01359631099599044
14.07	0.012362061283770537
14.08	0.011272195093189165
14.09	0.0101023709856987
14.1	0.00991857794018916
14.11	0.008088847583687902
14.12	0.0075131878330059005
14.13	0.007372396452096384
14.14	0.006293594879903633
14.15	0.005932220863533779
14.16	0.006032440467761439
14.17	0.004912243575690633
14.18	0.00466182858418436
14.19	0.004402075140659298
14.2	0.003826079419042482
14.21	0.003367969586156731
14.22	0.00331330995412707
14.23	0.0020716339545940113
14.24	0.0028161373289842914
14.25	0.0024068382297717903
14.26	0.0022635649850490597
14.27	0.0022086388184194223
14.28	0.001475252031998338
14.29	0.0014274560828406132
14.3	0.0017026772771848284
14.31	0.0014217422665152035
14.32	0.0017491564486028575
14.33	0.0014644161740846972
14.34	0.0007944251536650363
14.35	0.0010342215500243055
14.36	0.0010874914503413845
14.37	0.0009075073662967296
14.38	0.0011537813958884054
14.39	0.0004204680878550367
14.4	0.0006608584832764205
14.41	0.0001578548251172469
14.42	0.0005410144936675718
14.43	0.00042154307895770216
14.44	0.0009854557530843485
14.45	0.0006009592480168324
14.46	0.000549751284877388
14.47	0.0004161704670658702
14.48	0.0003348895796505053
14.49	0.00029171956924323807
14.5	0.00038985264274433594
14.51	0.000712977856297707
14.52	0.000507738654925959
14.53	0.00041989665813015113
14.54	0.0009614972548575187
14.55	0.00036753273015690917
14.56	0.00014281998770292994
14.57	-0.00015436498381137372
14.58	0.0001990180121545151
14.59	0.00046354408418840384
14.6	0.0005944937886199029
14.61	0.00020435000815980563
14.62	0.0001332519067864437
14.63	8.113769889329996e-5
14.64	0.0005028519111299224
14.65	0.0004123230406698307
14.66	-0.00022461969185543255
14.67	-0.0002842555747790444
14.68	-9.612887760608097e-7
14.69	0.00030177625072118775
14.7	-0.00031186067588249885
14.71	0.00010593807932398515
14.72	0.000741881967814099
14.73	0.0005496766401940647
14.74	-0.0004561717005277802
14.75	-0.0003359532870282152
14.76	-0.00016589620760264567
14.77	-0.0003960381469853453
14.78	-0.00022605746749235025
14.79	0.00020903018638835584
14.8	2.538519175491979e-6
14.81	0.00043938268512958326
14.82	0.00042810438091193107
14.83	0.0002832194771165663
14.84	-0.00015176130061820203
14.85	-0.00026652355614053115
14.86	0.00038524153942243595
14.87	0.0004046206698587247
14.88	-0.0007982785216389258
14.89	0.0003973590190585227
14.9	6.885771183041873e-5
14.91	-0.00022902621917235617
14.92	6.591063675870698e-5
14.93	0.0005250564729383837
14.94	-0.0002727433041125966
14.95	-0.00016264693184612716
14.96	-0.00024467393220879144
14.97	-0.00019141942949185283
14.98	-0.0006642503262274256
14.99	-0.0002419414524318781
15.0	0.0005828121128880315
15.01	-0.00013845339077760287
15.02	-5.4598210130963954e-5
15.03	0.00036749860125200165
15.04	0.00023708107894345688
15.05	0.00027196208131586083
15.06	-0.0002488805398687242
15.07	-0.00012994211092124316
15.08	-9.401484782441579e-5
15.09	0.0002278334380059569
15.1	0.00015814576671034246
15.11	-3.612049604872127e-5
15.12	4.98302509696855e-5
15.13	-0.00033510395210347305
15.14	-2.2409674914014167e-5
15.15	0.0004765245262220806
15.16	0.0007032464324853822
15.17	0.00038620981288343216
15.18	-0.0003869261134723551
15.19	0.0006055642045127512
15.2	7.22331849359132e-5
15.21	0.00029992779238755186
15.22	1.1825792873548356e-5
15.23	-0.00018195037621374015
15.24	0.0002797727697105772
15.25	2.016817687197931e-5
15.26	-0.0003720001729686341
15.27	-0.0003425495115170825
15.28	0.00017521663327449403
15.29	0.00023125224611883746
15.3	0.0001361482012416206
15.31	-0.00011263511644313367
15.32	-0.00019394356675056534
15.33	7.233024932682857e-5
15.34	0.00024035716306200982
15.35	0.0003451458511502066
15.36	0.0004566435233603362
15.37	-0.0005450634958251683
15.38	-0.0002764567740845377
15.39	-0.00012099703077092022
15.4	0.00016996006027298656
15.41	-0.0003856422782805296
15.42	-0.00017667308172441678
15.43	-0.00026896517210908965
15.44	-0.00011094282524558492
15.45	-0.00019363934172980337
15.46	-0.00015075844454526274
15.47	0.00025773415018270186
15.48	0.00018514334443941322
15.49	5.676579379473744e-5
15.5	-0.00022026815620397234
15.51	0.00039317833079568977
15.52	-7.688949194076243e-5
15.53	0.00038984329976499886
15.54	0.0004763136423405607
15.55	-2.8212749098610856e-6
15.56	0.0005701549438651741
15.57	0.00038691074392096803
15.58	-1.1904845276834756e-5
15.59	-1.9940526087707735e-5
15.6	0.00020936065595086935
15.61	0.00043563219659514054
15.62	-0.00017310076057927627
15.63	-0.00024579226493221185
15.64	-0.00010353514417740514
15.65	6.254883366448873e-5
15.66	-0.00015966564619405724
15.67	0.00013018892787166808
15.68	4.8315919218854646e-5
15.69	-0.0007466451342810474
15.7	-0.00012085201680410544
15.71	-9.650753319303404e-5
15.72	0.0003721847555468414
15.73	7.386104066944289e-5
15.74	0.0005970260053999944
15.75	-3.850477401196682e-5
15.76	0.0001344196651273117
15.77	0.00018667007033631316
15.78	0.0002671468292543046
15.79	4.599649280533128e-5
15.8	-0.00048191569977567905
15.81	-0.00051312096193793
15.82	6.611209593300684e-5
15.83	-2.811540056996538e-5
15.84	-0.0001692910153419884
15.85	-0.00026376467393645795
15.86	-0.0006218703146208743
15.87	-9.839153553953612e-6
15.88	-0.00047557599238895313
15.89	-0.00043512419959012194
15.9	0.000427157558171336
15.91	0.00024527392977917586
15.92	1.9420064238767387e-6
15.93	-0.0005279511009519862
15.94	-0.00013471404658073707
15.95	7.1842805977127e-5
15.96	0.00040642357291268327
15.97	-0.00034401956876751094
15.98	-0.00014839736302660656
15.99	-0.0003626674378521634
16.0	-0.0006232877557942151
16.01	-0.0005428895938698813
16.02	0.0003935928017346447
16.03	5.002725277453623e-5
16.04	-0.00019662731552620803
16.05	-0.00021467957101289564
16.06	-0.0001494703884410118
16.07	-0.00014420204983493697
16.08	-0.0004125266998345666
16.09	0.0002460194715469623
16.1	-0.00011076498433337753
16.11	2.9779626331254866e-5
16.12	-0.0004601776108629374
16.13	-4.789994730400381e-5
16.14	3.028123652102835e-5
16.15	3.433462815622186e-5
16.16	0.0004611031909423763
16.17	0.0004014928215548539
16.18	-0.0005415322117820368
16.19	0.00036547834502891074
16.2	-0.00038382464479641294
16.21	-0.00039485863454811256
16.22	-0.00026464127878804585
16.23	-0.00019627663299528746
16.24	0.00040110548657165153
16.25	0.00031753006394115365
16.26	0.00022770565600751372
16.27	-0.0003285321504971144
16.28	-6.787521025711137e-5
16.29	-0.00044274205610094424
16.3	-0.00042522004465494475
16.31	-0.0006217594600461106
16.32	8.101558343386655e-5
16.33	5.1278454243212346e-5
16.34	0.0005350635593939713
16.35	-1.555618828233958e-5
16.36	0.0004627086706218791
16.37	6.185579680207759e-5
16.38	0.00016446763571357709
16.39	-4.260935508448142e-5
16.4	0.00025635582671708085
16.41	7.608252734724539e-5
16.42	7.28594025617891e-5
16.43	-1.1114612193989386e-5
16.44	-0.00017378733178886717
16.45	0.0002287282698603898
16.46	-0.00041709259216628734
16.47	0.00030110178472678894
16.48	0.0004123125103967525
16.49	0.000244271093321533
16.5	-0.00014463624683211938
16.51	0.0005991342762288545
16.52	-9.09686634981241e-5
16.53	0.00016974876745030302
16.54	-6.683488106760252e-5
16.55	-5.6947397491433223e-5
16.56	-2.3613758411825995e-5
16.57	0.00024208512831082956
16.58	0.00036770494184640767
16.59	-0.0003217876340828852
16.6	0.00028657759581862994
16.61	-0.00012991750152923121
16.62	4.481326602990523e-5
16.63	-9.790815306614315e-5
16.64	-0.000439226199535627
16.65	-0.0005683913029165392
16.66	6.55480235669096e-5
16.67	0.00019725097328201748
16.68	-0.00023756421655835594
16.69	-0.000697811366212617
16.7	-0.00015844585779027818
16.71	-0.0006017513566857285
16.72	-0.0003708419811227416
16.73	-0.0003061655538355662
16.74	-0.00022421116002083565
16.75	-8.941598304901892e-5
16.76	-0.0006950917522837455
16.77	-0.00023472684880293518
16.78	-0.00031592880623748014
16.79	0.0002424828795968823
16.8	-0.00011483732307957577
16.81	0.00011086230197919853
16.82	-0.0001617973256387141
16.83	0.0003079624989304438
16.84	0.0002987549014372545
16.85	0.0003276462303564681
16.86	-0.00072786242471837
16.87	-0.00013605021451815362
16.88	0.0004868360460170966
16.89	0.00022766986308675458
16.9	-0.00039368936419294513
16.91	2.4785080063277565e-5
16.92	-0.00032718878931971534
16.93	0.000700838885124113
16.94	-0.0003195138838884986
16.95	-0.00019626142216644396
16.96	0.0001150790108125686
16.97	-0.0004940819339704869
16.98	-7.651408271308434e-5
16.99	-0.00015784714030726445
17.0	0.0001874894764073234
17.01	-0.00033628147184336886
17.02	0.0004512257979458005
17.03	0.0002956502664642558
17.04	-3.4820089997267494e-5
17.05	0.00022842274026205314
17.06	-0.0002862195200361238
17.07	-5.316311617921433e-5
17.08	-0.0005332547242699678
17.09	-0.0007053246678100747
17.1	0.00013735219080620418
17.11	0.0001772368656829602
17.12	-0.00045623558354681817
17.13	0.00046755679867248567
17.14	5.622462331127192e-5
17.15	0.0002723908598133128
17.16	0.00017379492239937076
17.17	0.0004654824720170826
17.18	-7.186293937818094e-5
17.19	-0.0004225064011220084
17.2	-1.3862521568571273e-5
17.21	-0.00037724588414975467
17.22	0.00041308776721120654
17.23	0.00019888213152935433
17.24	0.0001584255960091028
17.25	-0.00041161016514654306
17.26	-0.0001497075021382273
17.27	-0.00031448610850221703
17.28	0.0006522102096594787
17.29	0.0005694514783195292
17.3	-0.0008129037261457079
17.31	7.366926050278811e-5
17.32	-0.00010482919796162068
17.33	-9.07737832515744e-5
17.34	-6.682993817269904e-5
17.35	0.00010848793026478123
17.36	-0.00018483523453306357
17.37	7.581158151557922e-5
17.38	0.0007414327208354678
17.39	0.00016833561714959188
17.4	0.00021061820277683797
17.41	-0.00040426400948495686
17.42	-0.00036096565732301604
17.43	-0.0004830281817312707
17.44	-0.00020539449413500038
17.45	-0.00019736109891736815
17.46	0.0005180069658657702
17.47	6.661429048042668e-5
17.48	-0.00034857258467782233
17.49	-0.0004000511595983626
17.5	-0.0001860890399985093
17.51	0.00027623058716541923
17.52	0.00023463268872363563
17.53	-0.00019608994683123374
17.54	-0.00035150401846278635
17.55	-0.0001847345792672051
17.56	-7.73451448667397e-5
17.57	-0.00024007125516553647
17.58	7.445692602338512e-6
17.59	9.230634039068666e-5
17.6	-0.0003294882719895509
17.61	6.878584941924463e-5
17.62	0.00011428049410031562
17.63	0.0001447248709396938
17.64	-0.0004093563808165412
17.65	-0.0004605904740007275
17.66	0.0004791712785885338
17.67	0.00024827576272644527
17.68	-0.00018730706671741222
17.69	0.00015195363329170076
17.7	0.000198940403783576
17.71	0.0003033004000684384
17.72	9.657008329790269e-5
17.73	-2.230256385451419e-5
17.74	0.0004218797531699644
17.75	-0.0001618495824085822
17.76	0.0003401450213858046
17.77	-0.0001831487472076691
17.78	-0.00018870832146477217
17.79	0.0004563031138179835
17.8	0.00017795450905277094
17.81	0.00025829049488365895
17.82	-0.0007534805706095633
17.83	0.00021097191544680583
17.84	0.00014611070325549114
17.85	0.00011411095757569955
17.86	-0.00011630328730689078
17.87	0.0002679939077688192
17.88	-0.00017501682314067732
17.89	0.00028123601877806594
17.9	0.000269741179270141
17.91	-6.478740790053887e-5
17.92	0.00011570371819237665
17.93	0.00011714735008545986
17.94	-0.00020534612863038732
17.95	2.288136439261046e-5
17.96	0.00012739305857651035
17.97	-0.00025954684570057905
17.98	0.00015409722910124146
17.99	0.00013437806416711947
18.0	1.59184978288071e-5
