0.0	3.063299916912178e-5
0.01	-0.00011984146636534893
0.02	-0.00017212107992412565
0.03	-0.0007993531132047366
0.04	-0.000587491286689369
0.05	-0.0006208781441936141
0.06	-0.00023135481539104062
0.07	-0.0005477430104603937
0.08	-0.0007209527238044309
0.09	-0.0005508949544847395
0.1	-0.00032311264124443854
0.11	0.0001146654176246643
0.12	0.0002502859420228582
0.13	2.2933899530656497e-5
0.14	0.0001206238823717912
0.15	-0.00020888788606880881
0.16	-0.00015594434510275696
0.17	0.0001592705829928064
0.18	9.853205460748779e-5
0.19	-0.00019697011396863426
0.2	-6.201122316642441e-6
0.21	6.28498957608572e-6
0.22	-0.0004755538681549945
0.23	-0.00025349468918033915
0.24	-0.0001684659154081754
0.25	-0.0005176744706472801
0.26	-0.0003921640780596389
0.27	-0.0008936065408387833
0.28	-0.0003339002071298698
0.29	-0.0006494404678493481
0.3	-0.0004245367594108185
0.31	-0.0004443224587951578
0.32	-3.5916145116672734e-5
0.33	-0.0002990673284795055
0.34	-0.0002144119749890857
0.35	-0.00028958182518889526
0.36	-0.00022751545362957194
0.37	-0.0005519430161005412
0.38	-0.0009461644688218659
0.39	-0.0006697217884733082
0.4	-0.0010064493857973088
0.41	-0.0015071714808065034
0.42	-0.0004895543103001791
0.43	0.00019312137655497599
0.44	0.00045999963099040933
0.45	0.00048229737528868085
0.46	0.0005716475050870909
0.47	6.847885491366738e-5
0.48	-9.496084056857508e-5
0.49	0.0002972381834055676
0.5	0.00012278236554258363
0.51	-0.00016960249238969445
0.52	-0.00011204203459493851
0.53	6.711330219067655e-5
0.54	3.0479513355971587e-6
0.55	0.00014120169459435047
0.56	0.0005092575330845625
0.57	9.503250787256003e-5
0.58	0.00012251491796788882
0.59	0.0005758126379860104
0.6	0.00038967770949880384
0.61	6.570622528845164e-6
0.62	-0.00041103648713395973
0.63	-0.0005341379397200847
0.64	-0.00046393180644655824
0.65	-9.549093730049703e-5
0.66	-0.00016484456188756958
0.67	0.00011941961358754018
0.68	0.00031538885905231127
0.69	-0.00010121843899435132
0.7	-0.00015661825738230205
0.71	-2.140997629215729e-5
0.72	0.00021689076242852577
0.73	-0.0001865711493403429
0.74	0.0006875259495839557
0.75	0.00040922138190616644
0.76	0.0007503805613475539
0.77	0.0003400999063128308
0.78	0.0009019583614329426
0.79	0.0005648756123499304
0.8	0.00033646063278076725
0.81	0.00018178066323926845
0.82	-0.00011594469907875749
0.83	-0.0005970233251003656
0.84	-0.0002206458203302177
0.85	0.00025363756330884317
0.86	0.0008055256224380725
0.87	0.0008277772665358458
0.88	0.0007642790944843967
0.89	0.0005671996027790507
0.9	0.0006269509455035279
0.91	0.0004934244573795532
0.92	0.0005401772628516769
0.93	0.0008298526504371489
0.94	0.00038749785472058396
0.95	8.227747919922074e-5
0.96	0.0005305254708152709
0.97	0.000504073985169462
0.98	0.0006505303243252374
0.99	0.0009659174229878248
1.0	0.0007428241072272854
1.01	0.000875652239343249
1.02	0.0003248504135606859
1.03	0.00044714196343193543
1.04	0.0008059459913508811
1.05	0.0008495447089105692
1.06	0.000697443517068042
1.07	0.0009226795215415226
1.08	0.0009323001805340817
1.09	0.0009019809014511033
1.1	0.0008948461665287935
1.11	0.0009083631408847058
1.12	0.00037758991122123346
1.13	0.00034655109661641545
1.14	0.00010944534617678923
1.15	-0.0003446110559772937
1.16	-0.0001522171808375546
1.17	2.57858659581805e-5
1.18	-0.0009051554401197633
1.19	-8.883115654647841e-5
1.2	0.0002960171903686398
1.21	0.00025277483692372676
1.22	0.0003832352339087076
1.23	0.0003826665229066204
1.24	-0.00032419303707492924
1.25	-0.00028247675566271424
1.26	2.567417110615588e-5
1.27	5.204325524967913e-5
1.28	0.00019927278563195984
1.29	4.9020259835614845e-5
1.3	-0.00018337157443391996
1.31	-0.0005760571297911037
1.32	-0.0005810637726441236
1.33	-0.00030860831330931766
1.34	-0.0001238656625542328
1.35	-0.00013188969068465142
1.36	-0.00024284671834497282
1.37	-2.6354054272986603e-5
1.38	0.00028147359127304384
1.39	-9.381698971976782e-5
1.4	-4.982513565869063e-5
1.41	-0.0002612717417900973
1.42	-0.0004445982514625766
1.43	-0.00012587873847225628
1.44	-0.00013738359479082763
1.45	-0.0005675048754199897
1.46	-0.0003109956217922203
1.47	0.00016704906458027966
1.48	0.00017027439104737478
1.49	0.00033032391281419607
1.5	0.0002446084472503738
1.51	0.00010891616633566518
1.52	-7.886231285654863e-5
1.53	-0.00025238551869231766
1.54	-0.0005262332652715249
1.55	-0.0008360700285992048
1.56	-0.0003939688552188178
1.57	-0.0007353549563440529
1.58	-0.0005462878124172409
1.59	-0.0006902779933042091
1.6	-0.0005022304663014128
1.61	-0.0008876437040763858
1.62	-0.0010306830000954988
1.63	-0.0003793217156180624
1.64	-0.0008888254331831804
1.65	-0.00025254593966413043
1.66	-0.0002263165999472769
1.67	-0.000116763408315239
1.68	-0.00040297556731797956
1.69	7.175447596802817e-5
1.7	0.00020078666186711908
1.71	-4.552919771653061e-5
1.72	0.0007069501790253367
1.73	0.00042571261310687556
1.74	-0.00020868546031716536
1.75	-0.00024166505115493284
1.76	7.913777645524993e-5
1.77	0.000396086213066124
1.78	-3.407272929651571e-5
1.79	-0.0006646284943467452
1.8	-0.0006865391677572363
1.81	-0.00031748490618854384
1.82	-0.0007416815872724238
1.83	-0.0014935613203125673
1.84	-0.001340560920694747
1.85	-0.0010820963562894362
1.86	-0.0004289161911011242
1.87	0.00011301574060510627
1.88	-0.0003812814584608382
1.89	-0.00014991771669476173
1.9	0.0003954275868650951
1.91	0.0004879137154452514
1.92	0.0006907776849719625
1.93	0.0005216247603378331
1.94	-0.00010183702357584323
1.95	0.00014841292458702793
1.96	0.0005049929492582548
1.97	0.0010958253023296643
1.98	0.0009841106164590527
1.99	0.0002505135526183538
2.0	0.00011019479923999071
2.01	-0.0004285077160225379
2.02	-0.00045651013075320826
2.03	-0.00022799501802359674
2.04	-5.504817718900363e-5
2.05	0.0004201199330365739
2.06	0.00030072698593137205
2.07	0.0005187338908731801
2.08	0.00044241318888505853
2.09	0.0003369103415826295
2.1	0.0001102957815317846
2.11	0.000202045658942162
2.12	0.0005658444313788501
2.13	0.0002506774678275593
2.14	0.00039264983434305234
2.15	0.0002494068389564081
2.16	-7.883899573596636e-6
2.17	7.161513852169924e-6
2.18	-4.214009705091059e-6
2.19	2.6414604994410162e-5
2.2	-0.0006244318950302505
2.21	-0.0010126697666943318
2.22	-0.0008382653613265171
2.23	-0.0005875609420834478
2.24	-0.000826993396606009
2.25	-0.001027528648068486
2.26	-0.0008999237887520944
2.27	-0.0005721727138323842
2.28	-0.00010218485564278542
2.29	-0.00015281676407400248
2.3	-0.00046948238934283
2.31	-0.0003102555739172991
2.32	-0.00025989911269236636
2.33	-0.000497318204844837
2.34	-0.0004962734266765524
2.35	-0.00012000803505101098
2.36	-0.00043301372084758247
2.37	-0.0001417601019494337
2.38	0.0001784283862250113
2.39	0.00035547216679268775
2.4	-0.0002817321028577216
2.41	-4.871459514394825e-5
2.42	0.00042945236460116
2.43	0.000710806111660811
2.44	0.0008239146812809171
2.45	0.0007400555187572857
2.46	0.0008196701492357897
2.47	0.0003705588990846999
2.48	0.000600769048914577
2.49	0.0003372158233995068
2.5	0.00015605041668837898
2.51	0.0007347297108603113
2.52	0.0007061615560080393
2.53	0.00028688857555974874
2.54	0.0003781417422580543
2.55	0.0002900500667262362
2.56	0.00032878288758851507
2.57	0.0004135545466587571
2.58	-0.0001455376764814911
2.59	-0.00031516333542943063
2.6	-0.0008423735163185426
2.61	-0.00019529014371775968
2.62	-0.00015760263266933862
2.63	-0.0005050417335120503
2.64	-0.0003999722631503256
2.65	-0.0005661497278839001
2.66	-7.033164824899515e-5
2.67	-0.0001420775821466816
2.68	-9.276857147953465e-5
2.69	0.00045113634940103527
2.7	0.00036763772532301907
2.71	-9.093120798884868e-5
2.72	-0.0006411237407694128
2.73	-0.0004884726662233139
2.74	-0.000624082785904983
2.75	-0.00039653919545386317
2.76	-0.0002455973301488074
2.77	-0.0006785960624032144
2.78	-0.0007321320636799945
2.79	-0.0008387290061988007
2.8	-0.0010356597890863652
2.81	-0.001019580238487263
2.82	-0.00022354690697665256
2.83	-0.0004160508788158357
2.84	-3.347624160781335e-5
2.85	-0.00015307105934396796
2.86	-0.000342600700731311
2.87	-0.0007679547935892978
2.88	-0.0006045290380033553
2.89	-0.0005797511630909733
2.9	-0.0008245178266473497
2.91	-0.000700922138510838
2.92	-0.0003600389220578386
2.93	-0.0007239689025911591
2.94	-0.0009330555839981872
2.95	-0.0007071678868700161
2.96	-0.0006147593698373447
2.97	-0.00021787883210959088
2.98	-0.0002149914411795196
2.99	0.0002496729764032963
3.0	0.000351837907940219
3.01	0.0005759352962918011
3.02	0.0007268928948242896
3.03	0.0007604077739522535
3.04	0.0004756110378272974
3.05	0.0001133107606160686
3.06	0.00015531728903290284
3.07	0.0006200805755361576
3.08	0.0006367061228236179
3.09	0.0005383281482315779
3.1	0.0006372199528752085
3.11	0.0005845410390290993
3.12	0.0010152848530341528
3.13	0.0009545696005529316
3.14	0.0006627314751408723
3.15	0.0002569935696579565
3.16	0.0005200663871436698
3.17	0.00019319941392868567
3.18	0.0004676092956441433
3.19	0.0002517299061265835
3.2	-4.493934168827026e-5
3.21	-3.771921296170456e-5
3.22	8.462216458578816e-5
3.23	3.779898978958991e-5
3.24	2.6654965717785327e-5
3.25	0.0004091276046031717
3.26	-1.6770797975668606e-5
3.27	0.000213122805434127
3.28	-0.00011451639874832429
3.29	-0.00014866906856817098
3.3	0.0002383656044463661
3.31	3.527000535081512e-5
3.32	0.00035564184799682594
3.33	0.0006451947725112524
3.34	0.00047598937684796073
3.35	0.00016342230840851198
3.36	6.742822137784694e-5
3.37	0.00011090077127039888
3.38	6.365488165087677e-5
3.39	2.8898818564770728e-5
3.4	-8.932656260677001e-6
3.41	8.540124040284327e-6
3.42	-0.0002296165369899889
3.43	4.846044972236607e-5
3.44	-0.0001624471889422854
3.45	-0.00022736009197807963
3.46	8.712278643059954e-6
3.47	-0.0002525604368979053
3.48	-0.0005833105346690479
3.49	-0.00028781145731515337
3.5	-0.00014164671799364034
3.51	-8.481051380507986e-5
3.52	-0.0003141439719724283
3.53	-0.00014078551089591765
3.54	-0.00010234438406421224
3.55	-0.00021174720411825255
3.56	-0.000651451136088472
3.57	-0.0008578011484121153
3.58	-0.0005130587311211977
3.59	-0.0010867396706904038
3.6	-0.0009864622579103457
3.61	-0.0007431752733282363
3.62	-0.0005647626013078708
3.63	-0.0007484370454955685
3.64	-0.0002555654843558931
3.65	-7.764771729820333e-5
3.66	0.0001217877715540839
3.67	-4.363050415232754e-5
3.68	0.00016848118558984438
3.69	0.00012803240166531476
3.7	0.0006185276676796777
3.71	0.0006623106037093773
3.72	0.0007606507661687956
3.73	0.0006831348547211095
3.74	0.0006304962256616657
3.75	0.0002789082111630633
3.76	0.00019982385242309933
3.77	-0.0002314866435825609
3.78	-0.0003143741541871641
3.79	0.00030956894685291755
3.8	0.0005850824389715412
3.81	0.0006566356049887468
3.82	0.00030660315630905735
3.83	0.0003154112627452231
3.84	-0.00019898531338087268
3.85	-0.0002970854578554549
3.86	-0.00012589016800308294
3.87	-0.00021281975154945453
3.88	-0.0007406928259148535
3.89	-0.0008329559193473774
3.9	-0.000746670300701034
3.91	-0.0006602945562073744
3.92	-0.00045228254949786754
3.93	-0.0003062419321020767
3.94	-0.00017359268162117465
3.95	-0.0001011608259757183
3.96	-0.0003492339367964786
3.97	-0.0006874355996758358
3.98	-0.0009296927607208347
3.99	-0.0012206963553492252
4.0	-0.0014189456895884198
4.01	-0.0008515072998531297
4.02	-0.0009349917725441129
4.03	-0.0009919330847866694
4.04	-0.0006014925435517644
4.05	-0.0003213715505070458
4.06	-0.000229872370602219
4.07	-0.000204211703012587
4.08	0.0002307518416515114
4.09	0.00024132586502627945
4.1	0.0009118510668842625
4.11	0.000846470738517165
4.12	0.0007697509610545812
4.13	0.000996274680390815
4.14	0.0006091714854108475
4.15	0.00042095363101730607
4.16	0.0007047314054476363
4.17	0.0004869800005328111
4.18	0.0005429732972731981
4.19	0.0004543239197829543
4.2	2.058252659707698e-5
4.21	0.0002500306663572506
4.22	0.00015319312466492916
4.23	0.0006612365358052854
4.24	0.00032368708081948714
4.25	0.0005769528335788825
4.26	0.0004614930341475314
4.27	0.0005156687894897811
4.28	0.0008597940030085572
4.29	0.00023390165973953862
4.3	-6.0126915318641655e-5
4.31	-1.1299978982759247e-5
4.32	0.00024606587867043205
4.33	6.95471099934877e-5
4.34	0.00022023449431857366
4.35	0.00020709385058957958
4.36	0.0004124897409150543
4.37	0.0003841792803861459
4.38	0.0008176846345011051
4.39	0.0008829288711433794
4.4	0.000517173817525246
4.41	0.0003205805430575177
4.42	0.0005718665378595283
4.43	0.0002796531253172734
4.44	0.00041235072054509963
4.45	-6.658210880352449e-6
4.46	-9.572863160770345e-5
4.47	0.0002759090605732105
4.48	0.0002696485271991059
4.49	0.00023982813166617537
4.5	0.0001326977090212673
4.51	0.00023239672813826935
4.52	0.00014899013503840125
4.53	-4.379312652120793e-6
4.54	-0.00010514042584539619
4.55	-0.0001314026582806774
4.56	6.278472961793267e-5
4.57	-7.03081893583817e-5
4.58	-0.00036750678311639473
4.59	-0.0003459904406528583
4.6	-0.0001209015820231265
4.61	-0.0005987659098302357
4.62	-0.00041723934772700194
4.63	-0.0003031694056442067
4.64	-0.00029374764974690533
4.65	-0.0003052142552925218
4.66	-2.3091711826071055e-5
4.67	-0.00037245077721191855
4.68	-0.0001428219287527083
4.69	-0.0001261982627331093
4.7	-0.0002575013360368518
4.71	8.587350008647899e-5
4.72	2.7352403476797015e-5
4.73	0.0007774023048505096
4.74	9.292941241127132e-5
4.75	0.0004641682704874133
4.76	0.0005053293559217039
4.77	-1.833394066616935e-5
4.78	3.962548686159305e-5
4.79	-0.00022816356467613802
4.8	-0.00019190293461506915
4.81	0.000360831720612322
4.82	0.0005524727323718062
4.83	0.0005483724373613362
4.84	0.00041329576440719254
4.85	-0.00011811605371326282
4.86	-0.0004747052838570242
4.87	-0.0001880956297737574
4.88	-0.00023110330695451842
4.89	-0.0002696900001584859
4.9	-0.0003341489575829891
4.91	-0.00039930694015558185
4.92	0.0002078090358763763
4.93	0.00029785956454118597
4.94	9.834357705935191e-5
4.95	-0.0001333273507609533
4.96	8.38439701207846e-5
4.97	-0.00010283530321496734
4.98	-0.0006478160378429503
4.99	-0.000453776455774952
5.0	-0.000888616020619411
5.01	-0.000563244977539602
5.02	-0.0002764013066295939
5.03	-0.0001809562110685961
5.04	-0.00022152976898461455
5.05	-0.0008452688259838322
5.06	-0.0010981513608818657
5.07	-0.0008076216259855784
5.08	-0.0010384099964609581
5.09	-0.0009947796687336426
5.1	-0.00048594154653599944
5.11	-0.0008712911393438637
5.12	-0.00044220911675039125
5.13	-0.00023904122666843405
5.14	-0.00021191246706686728
5.15	-0.0004546192241500161
5.16	-0.0008388185143134292
5.17	-0.000493350355341864
5.18	-9.49989762258932e-5
5.19	-0.00019618832267009938
5.2	-6.732526210221436e-5
5.21	-0.0003716930613537246
5.22	-7.514759789183897e-5
5.23	-0.0001203180872918886
5.24	0.00033529033789420537
5.25	8.344686272047534e-5
5.26	0.0003423949174847785
5.27	0.00011240078271387008
5.28	0.0002506166016984782
5.29	0.00023325463053434898
5.3	0.00043932834802416895
5.31	0.0001342170318102721
5.32	0.0003493630343660433
5.33	0.00021506232903121224
5.34	0.00025424489044726295
5.35	0.00021760942329578857
5.36	0.0002855308052306495
5.37	0.00011145240341568397
5.38	-0.00022417663872009787
5.39	-0.00040882720925344395
5.4	-0.00021257156565536464
5.41	-4.93891422855862e-6
5.42	3.344925932617165e-5
5.43	0.0002948321039614264
5.44	0.0006082608085047588
5.45	-4.960332535230603e-5
5.46	0.0003423771145198804
5.47	3.3568581766336156e-5
5.48	0.00043851317630877305
5.49	0.0001934494717524767
5.5	3.978318363824905e-5
5.51	-0.00027505158233033066
5.52	-0.0001318032009208518
5.53	-0.0002627127823426134
5.54	-9.522126520452405e-5
5.55	-0.00018614694654262427
5.56	-0.00021970063817969035
5.57	-6.245885122849532e-5
5.58	1.4603484477284105e-7
5.59	0.00039630479817086793
5.6	5.8509498273220256e-5
5.61	8.845872072776645e-5
5.62	0.0006518380010796386
5.63	0.0003025045776643547
5.64	0.000787980469232313
5.65	0.0007258973896336088
5.66	0.000964483143937476
5.67	0.0009281783523914435
5.68	0.0007120819027220581
5.69	0.0007250429733106792
5.7	0.0005527293837865957
5.71	0.0007049070673918866
5.72	0.00011088663476616707
5.73	0.00031593246756172046
5.74	-0.00013282477600700543
5.75	-3.940963407335037e-5
5.76	0.00018572408904486
5.77	-0.00011804591868964733
5.78	-0.0004575061018391222
5.79	-0.00024217916423152394
5.8	-0.0002288614788786285
5.81	-0.0005570196462665816
5.82	-0.000498921832315741
5.83	-0.0008874603320268744
5.84	-0.00029758529606083064
5.85	-0.00029716684968736064
5.86	-0.0008038134787847321
5.87	-0.0007410319783098284
5.88	-0.000633266918414952
5.89	-0.0006679917151692276
5.9	-0.0004489778059765579
5.91	-0.0004179936674386526
5.92	-4.397778671248493e-5
5.93	0.0006219148780854491
5.94	0.0007511114535310189
5.95	0.0007176133412865539
5.96	0.001103473984165623
5.97	0.0006003985368522276
5.98	0.000790693387257017
5.99	0.0004197830322164079
6.0	0.0004003130666127749
6.01	0.0001470778485920906
6.02	0.0002529909341093462
6.03	0.00010539051368111624
6.04	-3.616334151877601e-5
6.05	-0.0007396535207753433
6.06	-0.0005640603402089227
6.07	-0.0006609429354964034
6.08	-0.0007019385420579406
6.09	-0.00011628416518157038
6.1	-0.0009222061517648998
6.11	-0.0004991882485407521
6.12	-4.2463455176914027e-5
6.13	0.0008296293424321562
6.14	0.000907362965369702
6.15	0.0003298622928781563
6.16	0.0006604811947958039
6.17	0.0007523788086804242
6.18	0.000807234682632511
6.19	0.00019952206231237948
6.2	-8.967426833177274e-5
6.21	4.872518304924325e-5
6.22	0.0007189637722289002
6.23	0.0002135328913682725
6.24	0.00038195579654197215
6.25	0.00048178279058610254
6.26	0.0003086193998740113
6.27	0.0002792113518304277
6.28	0.00010524882471122803
6.29	0.00042381881691000694
6.3	0.0006618002249166049
6.31	0.0005351969580243722
6.32	0.0004809303863484575
6.33	0.00044433457200324176
6.34	-0.0002339249249269619
6.35	-0.00028811294280650006
6.36	-0.0005932645354404944
6.37	-0.0003410326890952185
6.38	1.5523372562281353e-5
6.39	-0.00011673279986901126
6.4	-0.00014838392473623678
6.41	0.0003521996678022589
6.42	9.192239341390636e-5
6.43	0.0002175148734738563
6.44	0.00012000731623165897
6.45	-0.00039185306633799315
6.46	-0.00044892014402442607
6.47	-0.0004619288968480039
6.48	-0.0003795158878609504
6.49	0.0004640662557392057
6.5	5.734557380761865e-5
6.51	1.7887944960482394e-5
6.52	-0.00026050169088446824
6.53	0.00011332782333887319
6.54	0.0003403997746324948
6.55	0.0005302907392651926
6.56	9.935378463270722e-5
6.57	0.000690025106835848
6.58	0.0004577482216203085
6.59	0.000303045918702449
6.6	-7.271552650353944e-5
6.61	0.0005050032840703266
6.62	0.0007393270731793388
6.63	0.0007282797539504011
6.64	0.0006886624323990017
6.65	0.001022248087228183
6.66	0.0006149940827800319
6.67	0.00043974064763848016
6.68	-9.176410586161487e-7
6.69	-6.394766868672205e-5
6.7	0.0002778496890258444
6.71	0.0008279394699941618
6.72	0.0006876480462829623
6.73	0.0006509592655856825
6.74	0.0009009875311112505
6.75	0.0007303989737427573
6.76	0.0008724595787786347
6.77	0.0008134504002307191
6.78	0.00010354081883006284
6.79	-0.00017235919279821865
6.8	-0.0002393725636469444
6.81	-0.0007120235996842755
6.82	-0.0006755902077004811
6.83	-0.0008536832934562843
6.84	-0.0009757645407069068
6.85	-0.000866643683864996
6.86	-0.0005921491967768166
6.87	-0.00014010421798076581
6.88	-0.0005367679979872378
6.89	-0.00027101486274531787
6.9	-8.998850067139886e-5
6.91	-0.00023967933831820526
6.92	-0.0003075572098709525
6.93	4.4340605276194155e-5
6.94	0.00012500221377485007
6.95	0.00011512865188907911
6.96	0.00012887031142535063
6.97	-8.229008262133816e-5
6.98	-0.0001268692386589166
6.99	4.917450861772628e-5
7.0	-0.0001702640721138812
7.01	-0.00011876736072316973
7.02	-0.0002847194500495353
7.03	-0.00015879888883806376
7.04	-0.00044560569820578677
7.05	2.043443527466565e-5
7.06	0.00020180724260728382
7.07	6.913514289465494e-5
7.08	0.00023592191237624047
7.09	0.0005131305486359253
7.1	0.0005757270641360072
7.11	0.000775641395126941
7.12	0.0006010582586125113
7.13	0.0005374746581790917
7.14	0.0007651438863988491
7.15	0.0007447730634018007
7.16	0.0006477119552137701
7.17	0.0007180708272127417
7.18	0.0003174517899010334
7.19	-0.0002800463456834965
7.2	-0.00030449755532649766
7.21	-0.0007411494843162882
7.22	-0.0008825096052649689
7.23	-0.0005271993578679758
7.24	-0.0008334572859653815
7.25	-0.0011212505523305822
7.26	-0.0006796696640766922
7.27	-0.0005875659651537216
7.28	-0.0004933873029736929
7.29	-0.0007732196984677952
7.3	-0.001036081640959521
7.31	-0.0012046839156588075
7.32	-0.0010486565031231335
7.33	-0.0005343855217746721
7.34	-0.0004111112635498056
7.35	-0.00032121886232136824
7.36	-0.00022189714403493072
7.37	6.028504876567952e-5
7.38	0.0005955228161962265
7.39	0.0008066413931361828
7.4	-7.310389762803834e-5
7.41	0.00014606498700070293
7.42	-0.00024860524602685606
7.43	-0.0002765320519357005
7.44	-0.00031209881126909603
7.45	-0.00036497729260507987
7.46	-0.0003015090619300401
7.47	-0.00010610145960135336
7.48	-0.00027157425529529815
7.49	-0.0003947238613868366
7.5	-0.00033308424750234575
7.51	-0.0008791501964602146
7.52	-0.00037824007281233576
7.53	-0.0004804509925417149
7.54	-0.0008165698148283097
7.55	-0.0005315020449430375
7.56	-0.00019145139250988314
7.57	-0.0001909914557359334
7.58	-0.0003239369128982799
7.59	-0.0005009664896202984
7.6	-0.00018997979973127703
7.61	-0.0001591910317139176
7.62	-7.81919427890814e-5
7.63	0.0002660410826241324
7.64	4.879533410817645e-5
7.65	-0.0005144065743432218
7.66	-0.0006292234489176135
7.67	-0.0005734219457220651
7.68	-0.0002513898413984544
7.69	-0.0001526001679639941
7.7	0.00019178401172825014
7.71	-0.00011882391325649839
7.72	-0.0005395436366364732
7.73	-0.00026435677760435606
7.74	-0.0004156878517784972
7.75	-0.0005620076172468363
7.76	-0.0006511585902078929
7.77	-0.0008965256043036654
7.78	-0.0003338394691965582
7.79	-0.00031498005194273453
7.8	-0.0002573466974292333
7.81	-0.00037664330668517283
7.82	-0.000500895964086973
7.83	-0.0009397860226909483
7.84	-0.00042418115339581334
7.85	-0.00021486477830366503
7.86	-5.032288686449007e-5
7.87	-0.00019948030179259187
7.88	-0.00029494267327222787
7.89	-0.00010037987306039256
7.9	-0.0002420007865900943
7.91	-0.0005707549527865985
7.92	-0.0007461438903009313
7.93	-0.0004537520201674696
7.94	-0.00024967463207168565
7.95	-0.0003282297556372802
7.96	0.00031027157571024666
7.97	0.00012379036989176184
7.98	-0.00023749228250676387
7.99	0.00012154480622369047
8.0	0.0004389269442008322
8.01	0.0006901430117380114
8.02	0.0006055399070777064
8.03	0.0009537508796624044
8.04	0.0010155846709089262
8.05	0.0010458107754540578
8.06	0.0006148411119654793
8.07	0.0005261124597718105
8.08	0.0004967962011760473
8.09	4.898257787278726e-5
8.1	-0.00015549694998105173
8.11	-7.62193969896329e-5
8.12	0.00036042044353837174
8.13	0.0005667260766717611
8.14	-0.00018712778588939993
8.15	-0.000204837677475209
8.16	-5.6695974410078285e-5
8.17	-0.00024864615522986525
8.18	-6.392540480842904e-5
8.19	-0.00012327824077629785
8.2	-0.00035233199966688
8.21	1.3344720228204102e-5
8.22	4.787261321508841e-5
8.23	0.0001723726937352696
8.24	0.00037247812757502973
8.25	0.0001706705736136087
8.26	-0.00010254301537991059
8.27	-0.00047618785103622195
8.28	-0.0005426525213869545
8.29	-0.0007065301757797699
8.3	-0.0007691836517651459
8.31	-0.0005236590721029463
8.32	-0.00047425030813811226
8.33	-0.00018164165940994707
8.34	-0.0002508450673025884
8.35	-0.0002610790159658987
8.36	0.00021801182693468175
8.37	0.0006914703221121036
8.38	7.510098936310884e-5
8.39	0.0007077902719052252
8.4	0.0004797967456772146
8.41	0.00034521346341086966
8.42	0.000805141607466684
8.43	0.00046052787376931603
8.44	-5.929154394208603e-5
8.45	-0.0004090351817458297
8.46	-0.0001493650135535136
8.47	-0.0006386009336030316
8.48	-0.0003505412199471825
8.49	-0.00023789862470506616
8.5	3.4769581947016e-5
8.51	-0.00020234026382295818
8.52	0.00018520142650627937
8.53	0.00023668825323558328
8.54	-0.0002218709883886859
8.55	-0.0006938428855103781
8.56	-0.0009592927908904617
8.57	-0.000993950898707585
8.58	-0.001043493755092112
8.59	-0.000635035888648853
8.6	-0.0003072708768515035
8.61	-0.0005909864315096308
8.62	-0.0010785183129248806
8.63	-0.0007508231856619286
8.64	-0.0002878216705176532
8.65	-0.0006642781903605018
8.66	-0.0004498486395042268
8.67	-0.0003796159988407029
8.68	-7.395732355592715e-5
8.69	3.630963182797931e-5
8.7	0.00035092938879320915
8.71	0.0002645919560403916
8.72	-0.00020856233282263292
8.73	-2.5762811634198057e-5
8.74	0.00012847312324109521
8.75	4.568536740264247e-5
8.76	-0.0005475950356144005
8.77	-0.0006327555890646926
8.78	-0.0011574642664291296
8.79	-0.0002888667990923818
8.8	-0.00029386504472921266
8.81	-0.00032027149321254086
8.82	-0.00026844172801242065
8.83	-0.0006348598731638422
8.84	-0.0006704120647359291
8.85	-0.0004093345330553405
8.86	-0.0008425847283905262
8.87	-0.0010083764494168233
8.88	-0.0006519887603751305
8.89	-0.0004803572305129332
8.9	-0.00044107660088501415
8.91	-0.0006510224772003065
8.92	-0.0003285997264757732
8.93	7.765979114807023e-5
8.94	-0.00018330733970450586
8.95	0.0001812959508369447
8.96	0.00020196809139876574
8.97	0.0008281496269365359
8.98	0.00042140992536609796
8.99	0.0005518159157145583
9.0	0.0009087485273255286
9.01	0.0006149617319387906
9.02	0.00022182752083453752
9.03	-6.052959049377885e-5
9.04	2.152775777817372e-5
9.05	-0.0003873011249881627
9.06	-0.000485986977102789
9.07	-0.0005969016917911941
9.08	-0.0006681374256235971
9.09	-0.0007809868524679881
9.1	-0.001065611414647672
9.11	-0.0010988749000590016
9.12	-0.0009186322117829159
9.13	-0.001191145238728028
9.14	-0.0014805578203491876
9.15	-0.0008786025099715059
9.16	-0.0002738786751892595
9.17	-0.0005881794502235479
9.18	-0.0010576120609017122
9.19	-0.000851456377936268
9.2	-0.0007650200937725507
9.21	-0.0009449826615786684
9.22	-0.0007905776161191204
9.23	-0.0007744292874038594
9.24	-0.00031822640436490653
9.25	-0.00043862052323607114
9.26	-0.001073534075188608
9.27	-0.0012935015722872966
9.28	-0.0010554917885778853
9.29	-0.0008043740734838303
9.3	-0.0009234098536221315
9.31	-0.000883895806505234
9.32	-0.0009399392734665485
9.33	-0.0007036339324559862
9.34	-0.0005672194136797247
9.35	-0.0002991221413541713
9.36	-0.00026696757484750625
9.37	-0.00047342281457616534
9.38	6.505841414871836e-5
9.39	0.0005606694907652593
9.4	0.0006690232616746924
9.41	0.0005567588455598687
9.42	0.00026206773454187594
9.43	0.0005398698024146289
9.44	-0.00017138993596738854
9.45	0.00035799475559681986
9.46	-0.0001930715325291788
9.47	-0.00015848856275035505
9.48	6.005547988492156e-6
9.49	0.00011689823904816809
9.5	0.00025168223134093483
9.51	0.0005927238058822339
9.52	-1.0652404805128429e-5
9.53	-0.00015542069107123618
9.54	-0.00021737646119392712
9.55	0.00010831631572110511
9.56	0.0005108914700307311
9.57	0.00047887937509381834
9.58	0.0008112866128979939
9.59	0.0007462093133323305
9.6	0.0005581582308487192
9.61	0.00015280899524291411
9.62	-0.00012115028080241565
9.63	6.0683193087159476e-5
9.64	-0.00010320364350988482
9.65	-0.00034794960031068247
9.66	-0.0002352472248688829
9.67	-0.0005333922008932242
9.68	9.523015386603685e-5
9.69	-0.00021421427650547266
9.7	0.00010187656449947693
9.71	5.03982235124465e-5
9.72	0.00014118523028704768
9.73	-0.00010467596610876253
9.74	-0.00010707117172839786
9.75	0.00016695380930196562
9.76	7.06606942161374e-5
9.77	0.00027723313820482713
9.78	0.00047862528366244596
9.79	0.0009830834996270039
9.8	0.0010807340907161179
9.81	0.00026572392986882033
9.82	7.835200587146375e-5
9.83	0.0003490406454468718
9.84	0.0005663177583232126
9.85	0.0004587330334880859
9.86	0.0007235849872705294
9.87	0.0005543997480147206
9.88	-0.00015695354998809005
9.89	2.361003966606069e-5
9.9	7.222628355787677e-5
9.91	-9.899976522451486e-5
9.92	0.0002612341528657607
9.93	0.0005754530606469111
9.94	0.0003411348573968413
9.95	-0.0002274328684333642
9.96	-5.401185149174595e-5
9.97	-0.00031832432051557885
9.98	8.946769011742141e-5
9.99	4.516135951206654e-6
10.0	-0.0005305310101610544
10.01	0.00027643153988656487
10.02	0.0017142592939281612
10.03	0.002862960322951945
10.04	0.004380718373264578
10.05	0.0065226909599860414
10.06	0.00843084850018737
10.07	0.010131791507030547
10.08	0.011989412597285181
10.09	0.013827339273898044
10.1	0.016012472975456125
10.11	0.01798481077433233
10.12	0.020150271819070798
10.13	0.022149634135457372
10.14	0.024348127653173127
10.15	0.026240293011539368
10.16	0.028240628463140995
10.17	0.029734749698299676
10.18	0.03176251988013841
10.19	0.033397261172982314
10.2	0.03533981695847041
10.21	0.03710786830882648
10.22	0.03846090774871368
10.23	0.039982421920379395
10.24	0.0412848811590281
10.25	0.0433153854347108
10.26	0.04454890742632861
10.27	0.046458804663784395
10.28	0.04761216760763653
10.29	0.049466135379522005
10.3	0.0512583089819393
10.31	0.052738181520361936
10.32	0.054563221170046625
10.33	0.05594532151083641
10.34	0.05715755714132686
10.35	0.058755720317646414
10.36	0.05993798926803474
10.37	0.06106009878464517
10.38	0.062281039843068944
10.39	0.06356337326930993
10.4	0.06485230177539975
10.41	0.06581906289435488
10.42	0.06680066510956999
10.43	0.06809858195847798
10.44	0.06903602287640007
10.45	0.06974799905943807
10.46	0.07093315430994095
10.47	0.07220725662714862
10.48	0.0730693826878102
10.49	0.07364763769514236
10.5	0.07473783081813065
10.51	0.07583640881794652
10.52	0.07640282268768608
10.53	0.0775415190696651
10.54	0.07778591656720822
10.55	0.07836712535144694
10.56	0.07939206547112816
10.57	0.08030721813892969
10.58	0.08148567270006611
10.59	0.08255194075940708
10.6	0.08302075811608371
10.61	0.08371352150252886
10.62	0.08471055758047576
10.63	0.08533664084433423
10.64	0.08584503254244302
10.65	0.08580229843531352
10.66	0.08664910640078335
10.67	0.08735504164468755
10.68	0.08826869414086944
10.69	0.08858563699930197
10.7	0.08928142324340903
10.71	0.08968285600486585
10.72	0.09036427642875172
10.73	0.09127105705879361
10.74	0.0915368464398258
10.75	0.09228200945470355
10.76	0.09245283662937101
10.77	0.0929110610429504
10.78	0.09353494965332187
10.79	0.09363561673855934
10.8	0.09380329363832868
10.81	0.0938079529473369
10.82	0.09420391129121079
10.83	0.09444144401680675
10.84	0.09476385849847845
10.85	0.0951988217136782
10.86	0.09514227957577774
10.87	0.0959077466830764
10.88	0.0963681236769669
10.89	0.09672385482890376
10.9	0.09698774617506051
10.91	0.09751724874535518
10.92	0.0981545448570426
10.93	0.09855424219560406
10.94	0.09913052874015495
10.95	0.09938414362241652
10.96	0.09961875755410972
10.97	0.09992600818880931
10.98	0.10016937869419718
10.99	0.10074290102561578
11.0	0.10064579740146079
11.01	0.10059045985768891
11.02	0.10047687322433392
11.03	0.10063531902230845
11.04	0.10152262972115479
11.05	0.10167760386298165
11.06	0.10181375929937374
11.07	0.10195277914135349
11.08	0.10245079373342039
11.09	0.1020293230798489
11.1	0.1023606151895052
11.11	0.1029275180297167
11.12	0.1035780678150162
11.13	0.10375450873285191
11.14	0.10433157618897271
11.15	0.1042693934604154
11.16	0.10462046150786404
11.17	0.10505970285668992
11.18	0.10485955289329833
11.19	0.1050646379243703
11.2	0.10519975707867878
11.21	0.10530192541455699
11.22	0.10525851894460013
11.23	0.1059118148691354
11.24	0.10610786983749693
11.25	0.10650927325470924
11.26	0.10611671688129563
11.27	0.10620538229974215
11.28	0.10668864614886044
11.29	0.10671238579109164
11.3	0.10722760251682789
11.31	0.10760861723507945
11.32	0.10741222210456121
11.33	0.10764957846944997
11.34	0.10825542732279897
11.35	0.10830142960725943
11.36	0.10841183118059003
11.37	0.10832270197454266
11.38	0.10855673030558051
11.39	0.10783107574030307
11.4	0.10736429566660259
11.41	0.10745471141051309
11.42	0.10722450035920861
11.43	0.10749261317315963
11.44	0.10728830747133235
11.45	0.10719693882551397
11.46	0.10806410133848424
11.47	0.10789954878540625
11.48	0.10781924843219058
11.49	0.10766594130934831
11.5	0.10785676070172419
11.51	0.10792627331391452
11.52	0.10822605795556799
11.53	0.10828930362373745
11.54	0.10877214604197132
11.55	0.10827023992869154
11.56	0.10864506254529982
11.57	0.10815732413959739
11.58	0.1085500463712747
11.59	0.10875336215068221
11.6	0.10847818465957343
11.61	0.10861218195765851
11.62	0.10863019886777904
11.63	0.10893608649610172
11.64	0.1087642613145238
11.65	0.10900364613823381
11.66	0.10886886308157208
11.67	0.10911203775638803
11.68	0.10927669310721741
11.69	0.10949966429743677
11.7	0.10953344257013996
11.71	0.10956828620858701
11.72	0.10924098081015766
11.73	0.109426404450588
11.74	0.109370650315622
11.75	0.10969242847152255
11.76	0.10972347556376472
11.77	0.1103465542784979
11.78	0.11066746899162219
11.79	0.11010322378042339
11.8	0.11047262883809361
11.81	0.11043852660044265
11.82	0.11069398343838424
11.83	0.11066526169235819
11.84	0.11092741091617837
11.85	0.11110871216185116
11.86	0.1115067774719882
11.87	0.11129505728901642
11.88	0.11075584372450302
11.89	0.11115378260197857
11.9	0.11058364263152876
11.91	0.11022032527117591
11.92	0.11046610069983345
11.93	0.11055547746234937
11.94	0.11032274355989248
11.95	0.11017019858530308
11.96	0.11020966571800954
11.97	0.11009762804365554
11.98	0.11043226995078827
11.99	0.11077440560958715
12.0	0.1104311801161729
12.01	0.10990718937330995
12.02	0.10973796534330371
12.03	0.11018276540018318
12.04	0.11020997014683324
12.05	0.11013939392330163
12.06	0.11052901979268268
12.07	0.11084186239396782
12.08	0.11067803104000867
12.09	0.11059599243093529
12.1	0.11096386493102013
12.11	0.11070832591470733
12.12	0.1103631589754454
12.13	0.11042016335904567
12.14	0.11094916313543232
12.15	0.11122225347268488
12.16	0.11130689953360783
12.17	0.11142860815905523
12.18	0.11146833417087276
12.19	0.11132226832105538
12.2	0.11120120168300314
12.21	0.1111026638303095
12.22	0.11142412606899602
12.23	0.11134126274383584
12.24	0.1115382085776238
12.25	0.11117942694602365
12.26	0.1113530175760992
12.27	0.11070600373117988
12.28	0.11067585029774164
12.29	0.11080578904326038
12.3	0.11033511504239102
12.31	0.11002308992853996
12.32	0.10993477049742328
12.33	0.11061019115792921
12.34	0.11104052542130738
12.35	0.11089324197910232
12.36	0.11082006385162514
12.37	0.11051016981779829
12.38	0.11036446170213673
12.39	0.110528265373606
12.4	0.11074525157517595
12.41	0.11139330367892337
12.42	0.11158894483997508
12.43	0.11162709441796417
12.44	0.1117256642467349
12.45	0.11120921769259128
12.46	0.11140784706118634
12.47	0.11135643117942494
12.48	0.11163280248548654
12.49	0.11177826066670753
12.5	0.11148655707964945
12.51	0.11205276102394986
12.52	0.11185945801245488
12.53	0.11169349029171384
12.54	0.11133607936729148
12.55	0.11128416073286379
12.56	0.11142250866311039
12.57	0.11139642978275376
12.58	0.1114541926877938
12.59	0.11202501647956897
12.6	0.11192805703560663
12.61	0.11178164777668674
12.62	0.11182685551782265
12.63	0.11187188002325246
12.64	0.11164915869343507
12.65	0.11126484142899278
12.66	0.11132961750353687
12.67	0.11189622413990813
12.68	0.1113834771938983
12.69	0.11172245832401116
12.7	0.11161065395078754
12.71	0.1116310736892158
12.72	0.11169509489672069
12.73	0.11201328930100639
12.74	0.1120502762824002
12.75	0.11172701928001723
12.76	0.11156192504694672
12.77	0.11127652576196888
12.78	0.11114967070100852
12.79	0.11139450468569395
12.8	0.11176580323940277
12.81	0.11171501892426351
12.82	0.11163780354970208
12.83	0.11126753275872008
12.84	0.11133768359969924
12.85	0.11115349672434369
12.86	0.1114516522648212
12.87	0.11132159218754008
12.88	0.11154754130361594
12.89	0.11103255625945359
12.9	0.1116140797786435
12.91	0.11149515980714861
12.92	0.1116479280986225
12.93	0.11126374849485177
12.94	0.11106081250561492
12.95	0.11095414578625148
12.96	0.11099466070602314
12.97	0.11076384205622625
12.98	0.11099889769763256
12.99	0.11169321160633898
13.0	0.11140299008817471
13.01	0.11102670313917391
13.02	0.1108299350114103
13.03	0.11114166607494441
13.04	0.11087647700433147
13.05	0.11099133676772743
13.06	0.11143325475378398
13.07	0.11141322180227846
13.08	0.11145137040389724
13.09	0.11146801413439675
13.1	0.11135941459779329
13.11	0.11149372712791818
13.12	0.11162450039068063
13.13	0.11184118969061742
13.14	0.11127805699323765
13.15	0.11124972054112595
13.16	0.11101802658077822
13.17	0.11107088827906975
13.18	0.1112053686405852
13.19	0.11142873171820027
13.2	0.11132949325751997
13.21	0.11129224967662063
13.22	0.11135972927153609
13.23	0.11170674570866644
13.24	0.11196658040080111
13.25	0.1124792150719544
13.26	0.11236407307290723
13.27	0.11191973935666548
13.28	0.11184003859936067
13.29	0.11159253380922884
13.3	0.11137672881292635
13.31	0.1116580345796567
13.32	0.11134338922143598
13.33	0.11187172017459392
13.34	0.11171307891736564
13.35	0.1112742373699969
13.36	0.1110273834690151
13.37	0.11164894998515222
13.38	0.11117418161476138
13.39	0.11201734010354068
13.4	0.11158187923001547
13.41	0.1118308234775524
13.42	0.11160352773968328
13.43	0.11138951886428569
13.44	0.11119665825668243
13.45	0.11157089378888765
13.46	0.1113118331189491
13.47	0.11094141071193514
13.48	0.11147459226324419
13.49	0.11114853371206668
13.5	0.11155817000362264
13.51	0.11099101982553479
13.52	0.1112646867381567
13.53	0.11127267857108215
13.54	0.11136347596494742
13.55	0.11140018197197771
13.56	0.11127050743922554
13.57	0.11122905906592166
13.58	0.11093995085982382
13.59	0.1110474896418908
13.6	0.11094090808844781
13.61	0.11133470766406779
13.62	0.11116652626935403
13.63	0.11125847642929418
13.64	0.11210514406859975
13.65	0.11195648985904355
13.66	0.11234057628007396
13.67	0.11238992611091135
13.68	0.11192752990249791
13.69	0.11176947777535051
13.7	0.11134171977285337
13.71	0.1115861108645032
13.72	0.11104489245561407
13.73	0.1110204865026258
13.74	0.11125006298912157
13.75	0.11139812134104882
13.76	0.11145064199298865
13.77	0.11138250805955338
13.78	0.1111750126648531
13.79	0.1115772108336587
13.8	0.11147681160665995
13.81	0.11097962085785064
13.82	0.11100732604550015
13.83	0.11129535436931927
13.84	0.11154685499062403
13.85	0.11188250186975511
13.86	0.1117450555417496
13.87	0.11210731808811979
13.88	0.1123456291264787
13.89	0.11195794217091792
13.9	0.11200465434003734
13.91	0.1119958640098145
13.92	0.11219951132305363
13.93	0.11189805328737196
13.94	0.11157120584301246
13.95	0.11150724594037123
13.96	0.11169691750673912
13.97	0.11178909015128037
13.98	0.11196754606970791
13.99	0.11171459752504911
14.0	0.11173768750332813
14.01	0.11018814929443403
14.02	0.10684028478325758
14.03	0.10281615846056114
14.04	0.0976969294930603
14.05	0.09213057122284339
14.06	0.0867562408376524
14.07	0.0814384494401802
14.08	0.07641836814258812
14.09	0.07150314318705786
14.1	0.06625106326454121
14.11	0.06185807498932172
14.12	0.05689698543541835
14.13	0.05327775969595418
14.14	0.04929937680345913
14.15	0.04495428661877389
14.16	0.041726924971428964
14.17	0.03857060444855288
14.18	0.03539234053814317
14.19	0.03211254197083954
14.2	0.029412021216585725
14.21	0.0269821592687597
14.22	0.024585951237573667
14.23	0.02239439881428851
14.24	0.020585170749721708
14.25	0.01883237117052467
14.26	0.017183133820193396
14.27	0.01577246138899914
14.28	0.014545170976321195
14.29	0.013157913302715209
14.3	0.011980515281638168
14.31	0.010893479831715043
14.32	0.009946855919830867
14.33	0.009192103226004717
14.34	0.008159472020968329
14.35	0.007400269829843365
14.36	0.007385000792777567
14.37	0.00740194063700272
14.38	0.007078971083451815
14.39	0.006587825538548248
14.4	0.0057855893476433775
14.41	0.005593870722693011
14.42	0.005257637818822017
14.43	0.004406277245592949
14.44	0.004142169094114342
14.45	0.0034821873607819662
14.46	0.0031965576185473002
14.47	0.002888700679477889
14.48	0.0025493599268010276
14.49	0.00261704775801105
14.5	0.002358376903028554
14.51	0.002019271958568068
14.52	0.0018368371030276563
14.53	0.0015176541722130663
14.54	0.0018451223750496227
14.55	0.002071140720924091
14.56	0.0014258088775992452
14.57	0.0007656110013613361
14.58	0.0006247422822911748
14.59	8.526083026000222e-5
14.6	0.0004657512382409322
14.61	0.0003397375705342805
14.62	0.0005210676499016805
14.63	0.0004627512308777522
14.64	0.00021555550191794805
14.65	0.0003753746950362468
14.66	0.0007115579639026691
14.67	0.0003070354012994201
14.68	-0.0002668543753266982
14.69	-1.721129366750936e-5
14.7	-2.0546379300996007e-5
14.71	-0.00014105802388937575
14.72	7.012169141621034e-5
14.73	0.00038776202308099457
14.74	0.00026650077730522987
14.75	0.0006330804631025645
14.76	0.00029525644096486183
14.77	5.340941668125504e-5
14.78	0.00018646586157996915
14.79	-0.00012442312820592797
14.8	-0.00028463921738856954
14.81	-0.000714248070507518
14.82	-0.0009607118395665609
14.83	-0.0013251076376724347
14.84	-0.0007423462905532634
14.85	-0.0006145174300277974
14.86	-0.000540752613022253
14.87	-0.0002574702321420119
14.88	-0.0005959037494848831
14.89	-4.358543829266243e-5
14.9	0.00018513528444898009
14.91	-0.0001568249107644184
14.92	-0.000390971309249724
14.93	-0.0004343906789771303
14.94	-0.00065565569779467
14.95	-0.000686171079340903
14.96	-0.000719604077436277
14.97	-0.0008992839826291309
14.98	-0.0008403872446866648
14.99	-0.0005838076503254934
15.0	-0.00013750353897779927
15.01	0.0003995545207206019
15.02	0.00027666604205773345
15.03	0.0002920581527456176
15.04	0.0001978263487116486
15.05	9.358315965302263e-5
15.06	0.0001369703249604064
15.07	0.00016479980777764345
15.08	0.000436034531251423
15.09	-0.000684925860856609
15.1	-0.0005675829154781375
15.11	-0.0003724054023166139
15.12	3.072718682762865e-5
15.13	-0.00023273810901373968
15.14	-8.056394980532705e-5
15.15	-0.00034738239198801987
15.16	-0.00045921667053812473
15.17	-0.000454588707085606
15.18	-0.0003995017927948894
15.19	-0.0005115585468561957
15.2	-0.0004087666222888002
15.21	-0.00024770826686475167
15.22	-0.0004822553303734714
15.23	-0.000176074770774216
15.24	8.371406309771068e-5
15.25	0.00045198873769422093
15.26	0.00028142343455969155
15.27	0.00022555112395781298
15.28	0.0006246924795970242
15.29	0.0006984939675384053
15.3	0.00025489525456047187
15.31	0.00016393227794352154
15.32	0.00028950006364744955
15.33	-9.774213610892551e-5
15.34	0.0001439982863041371
15.35	0.0001760079294767673
15.36	-1.928061776975269e-5
15.37	-0.00042319734769090997
15.38	-0.0006655221810819365
15.39	-0.0006023867147862347
15.4	-0.0003926421207580636
15.41	-0.0002955081110842831
15.42	0.000246296373224208
15.43	0.000317597310897154
15.44	0.0001759117254134496
15.45	-5.731462086056141e-5
15.46	0.00023741958905141908
15.47	0.0002599766034686662
15.48	0.0009739500917643869
15.49	0.0006334823483329329
15.5	0.0003341658689750803
15.51	-0.00020392262342044492
15.52	-0.00011574296978938018
15.53	0.0004882064911805647
15.54	-0.00030188531177919437
15.55	-0.00019405089263050676
15.56	0.00042463410414888923
15.57	0.0007401180410049832
15.58	0.0003383691851525319
15.59	0.00025601868460335426
15.6	0.0004943634815408962
15.61	-0.00017451222478826313
15.62	-0.001222349793328718
15.63	-0.0010677493377487164
15.64	-0.001315273361521709
15.65	-0.0003634978245779936
15.66	-0.00016362771908994954
15.67	-0.0003706729213914588
15.68	-0.0002875332046887776
15.69	-0.00013203055590274283
15.7	-7.022276024379699e-5
15.71	3.320166339639722e-5
15.72	-0.00010325838480048859
15.73	-0.00015317541484976025
15.74	-0.0003655149242089071
15.75	-0.0001488025496567128
15.76	-0.0006155370267129469
15.77	-0.0002121019441970154
15.78	0.0003620987795463469
15.79	0.0004974155913549332
15.8	0.0002532407435026386
15.81	0.00020485516527450623
15.82	0.0003792789595508284
15.83	0.00029988789654513233
15.84	9.369397604974889e-6
15.85	0.0006025817730440104
15.86	0.00036481254875548057
15.87	0.0004007573739964682
15.88	0.0002735412536610767
15.89	-0.00019491424381473633
15.9	9.234335485156707e-5
15.91	-0.0003677651587482381
15.92	-6.388582766350546e-5
15.93	-0.0002069472047082028
15.94	-0.00014965716947601464
15.95	-0.00014596121734612307
15.96	-0.000870566224616728
15.97	-0.000534339654273039
15.98	-0.00032539518205977375
15.99	0.00010255993162727837
16.0	-4.671227340570142e-5
16.01	-0.0001820033705008389
16.02	-0.000284400846318747
16.03	-0.000390206109396976
16.04	-0.0002749107640266544
16.05	0.00020599543051224185
16.06	-0.0004469105240117978
16.07	-0.0004785867112859341
16.08	-9.250906852515138e-5
16.09	8.569542310428265e-5
16.1	0.0004427130014401558
16.11	0.00021742435707249096
16.12	5.5259067118494675e-5
16.13	0.00012208620429436158
16.14	4.891242289645036e-5
16.15	0.0006701210227561454
16.16	0.00010613326368373067
16.17	0.00021939348772839063
16.18	-8.679805833928611e-5
16.19	0.00046591892418493025
16.2	0.0003914116889707827
16.21	0.00038697296057439175
16.22	-0.0005929669162237682
16.23	-0.00013981313213888677
16.24	-0.00016405179643208846
16.25	-0.00025389797483363157
16.26	0.00018034013317887393
16.27	0.0006864845880622299
16.28	-6.27975271052432e-6
16.29	0.00035538748688136414
16.3	0.0009410034135750459
16.31	0.0006999943201938699
16.32	0.0006089611386936791
16.33	0.0003855722682843736
16.34	0.0005283573556787047
16.35	0.0010500529147982104
16.36	0.0009650121435140232
16.37	0.0006171112996820283
16.38	0.00043972072583935953
16.39	0.00010815398201806137
16.4	0.00012108700552308274
16.41	2.691565126563697e-5
16.42	-2.3691266712821636e-5
16.43	-0.00017402983634445408
16.44	-0.00042333587857558343
16.45	-9.085180024853988e-5
16.46	-0.0005785000120310602
16.47	-0.0010347808095170572
16.48	-0.0007948944235951188
16.49	-0.0007201319737046399
16.5	-0.0004945145255043799
16.51	-0.0001988658320034652
16.52	-0.00013965912203290482
16.53	8.032849421440983e-5
16.54	0.00018145754821089177
16.55	-0.00027036368211295794
16.56	-3.0853639397958907e-6
16.57	0.000430517850779993
16.58	0.00040692293907361205
16.59	0.0005691577756987336
16.6	0.0002267945313072579
16.61	0.00015821841464775895
16.62	0.0004605873234940103
16.63	0.00011527813367386014
16.64	-6.700481683740998e-5
16.65	-8.431417188263754e-5
16.66	0.0001867152867835285
16.67	0.0003295171925916597
16.68	0.00025759029449419187
16.69	-9.451192276699018e-5
16.7	-0.00028078154838553167
16.71	-0.0004833042312344177
16.72	-0.0008284928755593427
16.73	-0.0008319055661461882
16.74	-0.0005942940120698338
16.75	-0.0011927793826565828
16.76	-0.0008464984866527423
16.77	-0.00044740617215524147
16.78	0.00011617653882745461
16.79	3.565533320265977e-5
16.8	-0.0004936771425484844
16.81	-0.00019360747695026942
16.82	-0.00018486504446801777
16.83	0.00013991465397116137
16.84	0.00012028833561746483
16.85	-1.3298713515850401e-5
16.86	2.916488048251549e-6
16.87	0.0002492552950228761
16.88	3.9245543616999703e-5
16.89	0.0004261048491859529
16.9	0.0009018255930994146
16.91	0.0008840713496225886
16.92	0.0008520776664559398
16.93	0.0005222785258249898
16.94	0.00036485505940404925
16.95	1.773743410271784e-5
16.96	0.00017375868417509148
16.97	3.591059670941628e-5
16.98	8.820406412490337e-5
16.99	0.00011588002230911515
17.0	0.00016981298443569603
17.01	-4.836012660324349e-5
17.02	0.0004094768126809094
17.03	0.0003195918334969548
17.04	0.0003396118353332967
17.05	0.00014718039500600204
17.06	-0.00038703173401321834
17.07	0.0001545977651289039
17.08	0.0003771899165966208
17.09	0.00013214250812824268
17.1	0.0003339584484249769
17.11	-0.0001059718068492241
17.12	-0.0003151929504806692
17.13	-0.00035307816683194176
17.14	-4.7786692570525255e-5
17.15	0.0003665018155790306
17.16	0.00030285833935996925
17.17	0.00010124399861446802
17.18	-1.2689246150524117e-5
17.19	-0.00036466757783395955
17.2	-0.00011238760084535744
17.21	-8.952294565398001e-5
17.22	0.0001520852741351061
17.23	-0.00014405852593723
17.24	-0.0008035065712355515
17.25	-0.0007183037833299524
17.26	-0.0010730032157902111
17.27	-0.001115097840731034
17.28	-0.0009621763072419024
17.29	-0.0008974096168028888
17.3	-0.000515648798082187
17.31	-0.000458237057588341
17.32	-3.173022119475787e-5
17.33	9.76791794516636e-7
17.34	-4.7844744953935105e-5
17.35	-0.0002038795903482243
17.36	-0.00017464924242140224
17.37	-0.00019073012498470372
17.38	-7.101085770279175e-5
17.39	0.00012118059747757436
17.4	0.0003625475995256051
17.41	-5.643998014751418e-5
17.42	-0.00047316405676289775
17.43	-0.0010062395755312686
17.44	-0.000836120674772452
17.45	-0.0006141264210221816
17.46	-0.0007174941323343585
17.47	-0.0010161867144634347
17.48	-0.0007847744041131515
17.49	-0.001013857133461374
17.5	-0.0009366189265725139
17.51	-0.0005748504384888867
17.52	-0.00028708115205518757
17.53	-3.3274093511732016e-5
17.54	-0.00021837048404207762
17.55	-0.0006217010212378392
17.56	-0.0005388365924018362
17.57	-0.00022571759693065774
17.58	4.380327874973426e-5
17.59	-0.00020795154830109084
17.6	0.00020510116597228291
17.61	8.580804510532746e-5
17.62	2.2457672224438012e-5
17.63	0.00022075695532685613
17.64	0.00030769816203515116
17.65	0.00039786871016498206
17.66	0.0005806752884964638
17.67	0.0006765568806517083
17.68	6.26451960406998e-5
17.69	-0.0006765903039016347
17.7	-0.0003578824731028132
17.71	-0.00023163569368019356
17.72	-0.00015327732108695214
17.73	-5.1217378737625905e-5
17.74	-0.00011623751980353732
17.75	-0.0002692153193443396
17.76	-0.0002957130997247474
17.77	-0.00016598300133720641
17.78	0.0005741863256718705
17.79	0.0002844988989377298
17.8	3.235564945392708e-5
17.81	0.0003846571127208105
17.82	0.00032644415265853827
17.83	2.255389816977453e-5
17.84	0.00014438755170435364
17.85	0.00014953821952377137
17.86	6.218822018140887e-5
17.87	0.00036049558644160655
17.88	0.0003023140094228892
17.89	0.00021307030082107496
17.9	-4.317836518959189e-5
17.91	-0.0004722638507354754
17.92	-0.00036760090127506434
17.93	-0.00024037575239706374
17.94	-0.0005061838646527228
17.95	-0.000627502067455285
17.96	-0.0005133405343053768
17.97	-0.000418629840569169
17.98	-0.0007428047330243942
17.99	-0.0009039592999353018
18.0	-0.0002312442171971289
